
  SciTegic06091010432D

 11 10  0  0  0  0            999 V2000
    3.9000    0.7500    0.0000 P   0  0
    2.6000    0.0000    0.0000 O   0  0
    5.2000    0.0000    0.0000 O   0  0
    3.9000    1.9500    0.0000 O   0  5
    2.8608    1.3502    0.0000 S   0  0
    1.3000    0.7500    0.0000 C   0  0
    6.5000    0.7500    0.0000 C   0  0
    0.2606    0.1503    0.0000 C   0  0
    1.3000    1.9500    0.0000 C   0  0
    7.5394    0.1503    0.0000 C   0  0
    6.5000    1.9500    0.0000 C   0  0
  1  2  1  0
  1  3  1  0
  1  4  1  0
  1  5  2  0
  2  6  1  0
  3  7  1  0
  6  8  1  0
  6  9  1  0
  7 10  1  0
  7 11  1  0
M  CHG  1   4  -1
M  END
> <HOMO>
    -4.844630

> <LUMO>
     4.710268

> <MW>
215.252

> <CAS>
29918-57-8

> <DOSE_VALUE>
9.4075693535e-002

> <ALogP>
-0.601

> <Num>
4673

> <logLD50>
-1.02652257133448

> <LD50>
20.2499811848614

> <IndTox>
6

> <Toxicity>
slight

$$$$

  SciTegic06091010432D

 14 14  0  0  0  0            999 V2000
    2.5973   -1.5031    0.0000 O   0  0
    1.2990   -0.7500    0.0000 C   0  0
    2.5951   -3.0039    0.0000 P   0  0
    1.2990    0.7500    0.0000 C   0  0
    0.0000   -1.5000    0.0000 C   0  0
    3.8933   -3.7570    0.0000 O   0  0
    1.5548   -3.6021    0.0000 O   0  0
    1.5568   -2.4023    0.0000 O   0  0
    0.0000    1.5000    0.0000 C   0  0
   -1.2990   -0.7500    0.0000 C   0  0
    3.8912   -5.2578    0.0000 C   0  0
   -1.2990    0.7500    0.0000 C   0  0
    4.9292   -5.8600    0.0000 C   0  0
    2.8509   -5.8560    0.0000 C   0  0
  1  2  1  0
  1  3  1  0
  2  4  4  0
  2  5  2  0
  3  6  1  0
  3  7  1  0
  3  8  2  0
  4  9  4  0
  5 10  4  0
  6 11  1  0
  9 12  4  0
 10 12  4  0
 11 13  1  0
 11 14  1  0
M  END
> <HOMO>
    -9.568527

> <LUMO>
     0.282632

> <MW>
216.172

> <CAS>
46355-07-1

> <DOSE_VALUE>
9.2519048516e-002

> <ALogP>
2.099

> <Num>
4705

> <logLD50>
-1.03376884224976

> <LD50>
20.0000277557147

> <IndTox>
6

> <Toxicity>
slight

$$$$

  SciTegic06091010432D

 16 17  0  0  0  0            999 V2000
    0.0000    0.7486    0.0000 N   0  0
    0.0000   -0.7486    0.0000 C   0  0
   -1.2964    1.4973    0.0000 C   0  0
    1.2964    1.4973    0.0000 C   0  0
   -1.2964   -1.4973    0.0000 N   0  0
    1.2964   -1.4973    0.0000 C   0  0
   -2.6111    0.7486    0.0000 C   0  0
   -1.2928    2.6973    0.0000 O   0  0
    2.5929    0.7486    0.0000 C   0  0
    1.2964    2.6973    0.0000 C   0  0
   -2.6111   -0.7486    0.0000 C   0  0
    2.5929   -0.7486    0.0000 C   0  0
   -3.9122    1.4966    0.0000 C   0  0
   -5.2109    0.7445    0.0000 N   0  0
   -3.9141    2.6966    0.0000 O   0  0
   -6.2513    1.3425    0.0000 C   0  0
  1  2  4  0
  1  3  1  0
  1  4  1  0
  2  5  2  0
  2  6  1  0
  3  7  1  0
  3  8  2  0
  4  9  4  0
  4 10  1  0
  5 11  1  0
  7 11  2  0
  6 12  4  0
  9 12  4  0
  7 13  1  0
 13 14  1  0
 13 15  2  0
 14 16  1  0
M  END
> <HOMO>
    -9.099730

> <LUMO>
     -0.974007

> <MW>
217.227

> <CAS>
125055-50-7

> <SPECIES>
rat

> <ROUTE>
oral

> <ENDPOINT>
LD50

> <DOSE_VALUE>
1.1508703572e-003

> <DOSE_UNITS>
mol/kg

> <ALogP>
-0.557

> <num>
4743

> <logLD50>
-2.93897359584601

> <LD50>
0.250000115087035

> <IndTox>
3

> <Toxicity>
medium

$$$$

  SciTegic06091010432D

 16 16  0  0  0  0            999 V2000
    1.2990   -0.7500    0.0000 C   0  0
    2.5973   -1.5031    0.0000 C   0  0
    1.2990    0.7500    0.0000 C   0  0
    0.0000   -1.5000    0.0000 C   0  0
    2.5951   -3.0039    0.0000 N   0  0
    3.8983   -0.7549    0.0000 C   0  0
    0.0000    1.5000    0.0000 C   0  0
   -1.2990   -0.7500    0.0000 C   0  0
    1.2948   -3.7533    0.0000 O   0  0
    4.9386   -0.1567    0.0000 N   0  0
   -1.2990    0.7500    0.0000 C   0  0
    1.2926   -5.2541    0.0000 C   0  0
   -0.0077   -6.0035    0.0000 N   0  0
    2.3312   -5.8553    0.0000 O   0  0
   -0.0094   -7.2035    0.0000 C   0  0
   -1.0463   -5.4024    0.0000 C   0  0
  1  2  1  0
  1  3  4  0
  1  4  1  0
  2  5  2  0
  2  6  1  0
  3  7  4  0
  4  8  4  0
  5  9  1  0
  6 10  3  0
  7 11  4  0
  8 11  4  0
  9 12  1  0
 12 13  1  0
 12 14  2  0
 13 15  1  0
 13 16  1  0
M  END
> <HOMO>
    -9.646947

> <LUMO>
     -0.851238

> <MW>
217.227

> <CAS>
25900-68-9

> <SPECIES>
rat

> <ROUTE>
oral

> <ENDPOINT>
LD50

> <DOSE_VALUE>
1.4178722801e-004

> <DOSE_UNITS>
mol/kg

> <ALogP>
1.686

> <num>
4744

> <logLD50>
-3.8483628880176

> <LD50>
3.0800014179e-002

> <IndTox>
2

> <Toxicity>
high

$$$$

  SciTegic06091010432D

 16 17  0  0  0  0            999 V2000
    1.2990   -0.7500    0.0000 N   0  0
    1.2990    0.7500    0.0000 C   0  0
    2.5973   -1.5031    0.0000 N   0  0
    0.0000   -1.5000    0.0000 C   0  0
    0.0000    1.5000    0.0000 N   0  0
    2.3383    1.3500    0.0000 O   0  0
    2.5951   -3.0039    0.0000 C   0  0
   -1.2990   -0.7500    0.0000 C   0  0
   -1.2990    0.7500    0.0000 N   0  0
    3.8933   -3.7570    0.0000 C   0  0
   -2.3383   -1.3500    0.0000 C   0  0
    3.8934   -5.2570    0.0000 C   0  0
    5.1925   -3.0070    0.0000 C   0  0
    5.1924   -6.0070    0.0000 C   0  0
    6.4915   -3.7571    0.0000 N   0  0
    6.4915   -5.2571    0.0000 C   0  0
  1  2  1  0
  1  3  1  0
  1  4  1  0
  2  5  1  0
  2  6  2  0
  3  7  2  0
  4  8  1  0
  5  9  1  0
  8  9  2  0
  7 10  1  0
  8 11  1  0
 10 12  4  0
 10 13  1  0
 12 14  4  0
 13 15  4  0
 14 16  4  0
 15 16  1  0
M  END
> <HOMO>
    -9.333257

> <LUMO>
     -0.472565

> <MW>
217.231

> <CAS>
123312-89-0

> <SPECIES>
rat

> <ROUTE>
oral

> <ENDPOINT>
LD50

> <DOSE_VALUE>
2.6791768574e-002

> <DOSE_UNITS>
mol/kg

> <ALogP>
-0.292

> <num>
4745

> <logLD50>
-1.57199861686086

> <LD50>
5.82000267917684

> <IndTox>
5

> <Toxicity>
slight

$$$$

  SciTegic06091010432D

 16 17  0  0  0  0            999 V2000
    0.0000    0.7486    0.0000 C   0  0
   -1.2964    1.4973    0.0000 C   0  0
    0.0000   -0.7486    0.0000 C   0  0
    1.2964    1.4973    0.0000 C   0  0
   -1.2907    2.9981    0.0000 N   0  0
   -2.6111    0.7486    0.0000 C   0  0
   -1.2964   -1.4973    0.0000 C   0  0
    1.2964   -1.4973    0.0000 C   0  0
    2.5929    0.7486    0.0000 C   0  0
   -2.5870    3.7544    0.0000 C   0  0
   -0.2489    3.5938    0.0000 C   0  0
   -2.6111   -0.7486    0.0000 C   0  0
    2.5929   -0.7486    0.0000 C   0  0
   -2.5812    5.2552    0.0000 C   0  0
   -3.6288    3.1588    0.0000 O   0  0
   -3.6177    5.8599    0.0000 F   0  0
  1  2  4  0
  1  3  4  0
  1  4  1  0
  2  5  1  0
  2  6  2  0
  3  7  4  0
  3  8  1  0
  4  9  4  0
  5 10  1  0
  5 11  1  0
  6 12  4  0
  7 12  4  0
  8 13  4  0
  9 13  4  0
 10 14  1  0
 10 15  2  0
 14 16  1  0
M  END
> <HOMO>
    -8.521738

> <LUMO>
     -0.790091

> <MW>
217.242

> <CAS>
5903-13-9

> <SPECIES>
rat

> <ROUTE>
oral

> <ENDPOINT>
LD50

> <DOSE_VALUE>
3.0841210117e-004

> <DOSE_UNITS>
mol/kg

> <ALogP>
2.332

> <num>
4746

> <logLD50>
-3.5108685898677

> <LD50>
6.7000061682e-002

> <IndTox>
3

> <Toxicity>
medium

$$$$

  SciTegic06091010432D

 15 15  0  0  0  0            999 V2000
    3.8933   -3.7570    0.0000 N   0  0
    2.5951   -3.0039    0.0000 C   0  0
    5.1959   -3.0115    0.0000 C   0  0
    3.8912   -5.2578    0.0000 N   0  0
    2.5973   -1.5031    0.0000 N   0  0
    1.5548   -3.6021    0.0000 O   0  0
    5.2001   -1.8115    0.0000 C   0  0
    6.2333   -3.6148    0.0000 F   0  0
    4.9292   -5.8600    0.0000 O   0  0
    1.2990   -0.7500    0.0000 C   0  0
    1.2990    0.7500    0.0000 C   0  0
    0.0000   -1.5000    0.0000 C   0  0
    0.0000    1.5000    0.0000 C   0  0
   -1.2990   -0.7500    0.0000 C   0  0
   -1.2990    0.7500    0.0000 C   0  0
  1  2  1  0
  1  3  1  0
  1  4  1  0
  2  5  1  0
  2  6  2  0
  3  7  1  0
  3  8  1  0
  4  9  2  0
  5 10  1  0
 10 11  1  0
 10 12  1  0
 11 13  1  0
 12 14  1  0
 13 15  1  0
 14 15  1  0
M  END
> <HOMO>
    -10.057402

> <LUMO>
     0.111073

> <MW>
217.242

> <CAS>
13908-93-5

> <SPECIES>
rat

> <ROUTE>
oral

> <ENDPOINT>
LD50

> <DOSE_VALUE>
8.515833005e-005

> <DOSE_UNITS>
mol/kg

> <ALogP>
2.046

> <num>
4747

> <logLD50>
-4.06977286364153

> <LD50>
1.8499965937e-002

> <IndTox>
2

> <Toxicity>
high

$$$$

  SciTegic06091010432D

 14 14  0  0  0  0            999 V2000
    1.2990   -0.7500    0.0000 C   0  0
    1.2990    0.7500    0.0000 C   0  0
    0.0000   -1.5000    0.0000 S   0  0
    2.5973   -1.5031    0.0000 N   0  0
    0.0000    1.5000    0.0000 N   0  0
    2.3383    1.3500    0.0000 C   0  0
   -1.2990   -0.7500    0.0000 C   0  0
    3.8990   -0.7562    0.0000 O   0  0
   -1.2990    0.7500    0.0000 C   0  0
    5.1972   -1.5092    0.0000 C   0  0
   -2.3383    1.3500    0.0000 O   0  0
    6.4990   -0.7623    0.0000 N   0  0
    5.1944   -2.7092    0.0000 O   0  0
    7.5370   -1.3645    0.0000 C   0  0
  1  2  1  0
  1  3  1  0
  1  4  2  0
  2  5  1  0
  2  6  1  0
  3  7  1  0
  4  8  1  0
  5  9  1  0
  7  9  1  0
  8 10  1  0
  9 11  2  0
 10 12  1  0
 10 13  2  0
 12 14  1  0
M  END
> <HOMO>
    -9.072115

> <LUMO>
     -0.642289

> <MW>
217.248

> <CAS>
66637-32-9

> <SPECIES>
rat

> <ROUTE>
oral

> <ENDPOINT>
LD50

> <DOSE_VALUE>
2.6053186245e-005

> <DOSE_UNITS>
mol/kg

> <ALogP>
-0.305

> <num>
4748

> <logLD50>
-4.58413915589874

> <LD50>
5.6600026053e-003

> <IndTox>
2

> <Toxicity>
high

$$$$

  SciTegic06091010432D

 16 17  0  0  0  0            999 V2000
    1.2990   -0.7500    0.0000 C   0  0
    2.5973   -1.5031    0.0000 C   0  0
    1.2990    0.7500    0.0000 C   0  0
    0.0000   -1.5000    0.0000 C   0  0
    2.5951   -3.0039    0.0000 N   0  0
    3.6375   -0.9049    0.0000 O   0  0
    0.0000    1.5000    0.0000 O   0  0
    2.3383    1.3500    0.0000 C   0  0
   -1.2990   -0.7500    0.0000 C   0  0
    3.8933   -3.7570    0.0000 C   0  0
   -1.2990    0.7500    0.0000 C   0  0
    3.8934   -5.2570    0.0000 C   0  0
    5.1925   -3.0070    0.0000 C   0  0
    5.1924   -6.0070    0.0000 C   0  0
    6.4915   -3.7571    0.0000 C   0  0
    6.4915   -5.2571    0.0000 C   0  0
  1  2  1  0
  1  3  2  0
  1  4  1  0
  2  5  1  0
  2  6  2  0
  3  7  1  0
  3  8  1  0
  4  9  1  0
  5 10  1  0
  7 11  1  0
  9 11  1  0
 10 12  4  0
 10 13  1  0
 12 14  4  0
 13 15  4  0
 14 16  4  0
 15 16  4  0
M  END
> <HOMO>
    -8.703669

> <LUMO>
     0.079996

> <MW>
217.267

> <CAS>
24691-76-7

> <DOSE_VALUE>
6.9039635655e-002

> <ALogP>
2.026

> <Num>
4749

> <logLD50>
-1.16090150920355

> <LD50>
15.0000345198177

> <IndTox>
6

> <Toxicity>
slight

$$$$

  SciTegic06091010432D

 16 17  0  0  0  0            999 V2000
    1.2990   -0.7500    0.0000 C   0  0
    1.2628   -2.2303    0.0000 C   0  0
    1.2990    0.7500    0.0000 C   0  0
    0.0000   -1.5000    0.0000 C   0  0
    2.5625    0.0216    0.0000 C   0  0
    2.5430   -3.0120    0.0000 C   0  0
   -0.0543   -2.9483    0.0000 C   0  0
    0.0000    1.5000    0.0000 N   0  0
    2.3383    1.3500    0.0000 O   0  0
   -1.2990   -0.7500    0.0000 C   0  0
    3.6303   -0.5261    0.0000 C   0  0
    2.5063   -4.5115    0.0000 C   0  0
   -0.0910   -4.4478    0.0000 C   0  0
   -1.2990    0.7500    0.0000 C   0  0
    1.1893   -5.2294    0.0000 C   0  0
   -2.3383    1.3500    0.0000 O   0  0
  1  2  1  0
  1  3  1  0
  1  4  1  0
  1  5  1  0
  2  6  4  0
  2  7  2  0
  3  8  1  0
  3  9  2  0
  4 10  1  0
  5 11  1  0
  6 12  4  0
  7 13  4  0
  8 14  1  0
 10 14  1  0
 12 15  4  0
 13 15  4  0
 14 16  2  0
M  END
> <HOMO>
    -8.579855

> <LUMO>
     -1.010894

> <MW>
217.267

> <CAS>
77-21-4

> <SPECIES>
rat

> <ROUTE>
oral

> <ENDPOINT>
LD50

> <DOSE_VALUE>
2.7615854262e-003

> <DOSE_UNITS>
mol/kg

> <ALogP>
2.031

> <num>
4750

> <logLD50>
-2.55884151787558

> <LD50>
0.600001380792717

> <IndTox>
4

> <Toxicity>
medium

$$$$

  SciTegic06091010432D

 16 17  0  0  0  0            999 V2000
    0.2917    0.7475    0.0000 C   0  0
    0.2917   -0.7475    0.0000 C   0  0
    1.7138    1.2033    0.0000 C   0  0
   -1.0028    1.5132    0.0000 C   0  0
    1.7138   -1.2033    0.0000 C   0  0
   -1.0028   -1.5132    0.0000 C   0  0
    2.5889    0.0182    0.0000 N   0  0
    2.0825    2.3453    0.0000 O   0  0
   -2.3155    0.7475    0.0000 C   0  0
    2.0907   -2.3426    0.0000 O   0  0
   -2.3155   -0.7475    0.0000 C   0  0
    4.0872    0.0320    0.0000 C   0  0
    4.8506   -1.2602    0.0000 C   0  0
    6.3513   -1.2462    0.0000 C   0  0
    6.9616   -2.2794    0.0000 C   0  0
    6.9413   -0.2013    0.0000 C   0  0
  1  2  4  0
  1  3  1  0
  1  4  1  0
  2  5  1  0
  2  6  1  0
  3  7  1  0
  5  7  1  0
  3  8  2  0
  4  9  4  0
  5 10  2  0
  6 11  4  0
  9 11  4  0
  7 12  1  0
 12 13  1  0
 13 14  1  0
 14 15  1  0
 14 16  1  0
M  END
> <HOMO>
    -10.268409

> <LUMO>
     -1.149281

> <MW>
217.267

> <CAS>
41764-14-1

> <SPECIES>
rat

> <ROUTE>
oral

> <ENDPOINT>
LD50

> <DOSE_VALUE>
1.6109248319e-002

> <DOSE_UNITS>
mol/kg

> <ALogP>
2.442

> <num>
4751

> <logLD50>
-1.79292472390895

> <LD50>
3.50000805462416

> <IndTox>
4

> <Toxicity>
medium

$$$$

  SciTegic06091010432D

 16 19  0  0  0  0            999 V2000
    0.4300    0.1500    0.0000 C   0  0
   -0.7600   -0.6200    0.0000 C   0  0
    1.6700   -0.3500    0.0000 C   0  0
    0.5200    2.9400    0.0000 C   0  0
   -0.3100   -0.9000    0.0000 O   0  0
   -0.3600    0.8000    0.0000 N   0  0
   -2.2000   -0.9900    0.0000 C   0  0
    2.8300    0.0000    0.0000 C   0  0
    1.8000   -1.5900    0.0000 C   0  0
    1.0200    1.5600    0.0000 C   0  0
    0.5000   -2.0200    0.0000 C   0  0
   -1.4100    1.8600    0.0000 C   0  0
   -3.2500    0.0500    0.0000 C   0  0
    2.3300    1.1100    0.0000 C   0  0
    0.1438   -3.1659    0.0000 O   0  0
   -2.8500    1.4900    0.0000 C   0  0
  1  2  1  0
  1  3  1  0
  1  4  1  0
  1  5  1  0
  2  6  1  0
  2  7  1  0
  3  8  1  0
  3  9  2  0
  4 10  1  0
  6 10  1  0
  5 11  1  0
  9 11  1  0
  6 12  1  0
  7 13  1  0
  8 14  2  0
 10 14  1  0
 11 15  2  0
 12 16  1  0
 13 16  1  0
M  END
> <HOMO>
    -8.563555

> <LUMO>
     -0.981889

> <MW>
217.267

> <CAS>
5610-40-2

> <SPECIES>
rat

> <ROUTE>
oral

> <ENDPOINT>
LD50

> <DOSE_VALUE>
3.6821139016e-003

> <DOSE_UNITS>
mol/kg

> <ALogP>
1.449

> <num>
4752

> <logLD50>
-2.43390278126728

> <LD50>
0.800001841056956

> <IndTox>
4

> <Toxicity>
medium

$$$$

  SciTegic06091010432D

 16 16  0  0  0  0            999 V2000
    2.5951   -3.0039    0.0000 C   0  0
    2.5973   -1.5031    0.0000 N   0  0
    1.2956   -3.7547    0.0000 N   0  0
    3.8933   -3.7570    0.0000 N   0  0
    1.2990   -0.7500    0.0000 C   0  0
    1.2951   -5.2556    0.0000 C   0  0
    3.8912   -5.2578    0.0000 C   0  0
    1.2990    0.7500    0.0000 C   0  0
    0.0000   -1.5000    0.0000 C   0  0
    0.2561   -5.8559    0.0000 C   0  0
    1.2953   -6.4556    0.0000 C   0  0
    2.3344   -5.8556    0.0000 C   0  0
    3.8895   -6.4578    0.0000 N   0  0
    0.0000    1.5000    0.0000 C   0  0
   -1.2990   -0.7500    0.0000 N   0  0
   -1.2990    0.7500    0.0000 C   0  0
  1  2  1  0
  1  3  1  0
  1  4  2  0
  2  5  1  0
  3  6  1  0
  4  7  1  0
  5  8  4  0
  5  9  2  0
  6 10  1  0
  6 11  1  0
  6 12  1  0
  7 13  3  0
  8 14  4  0
  9 15  4  0
 14 16  4  0
 15 16  2  0
M  END
> <HOMO>
    -8.526306

> <LUMO>
     -1.532003

> <MW>
217.274

> <CAS>
60559-94-6

> <SPECIES>
rat

> <ROUTE>
oral

> <ENDPOINT>
LD50

> <DOSE_VALUE>
1.2794874686e-003

> <DOSE_UNITS>
mol/kg

> <ALogP>
0.919

> <num>
4755

> <logLD50>
-2.89296396326424

> <LD50>
0.277999360256267

> <IndTox>
3

> <Toxicity>
medium

$$$$

  SciTegic06091010432D

 16 18  0  0  0  0            999 V2000
    0.2917    0.7475    0.0000 C   0  0
    0.2917   -0.7475    0.0000 C   0  0
   -1.0028    1.5132    0.0000 C   0  0
    1.7138    1.2033    0.0000 N   0  0
    1.7138   -1.2033    0.0000 N   0  0
   -1.0028   -1.5132    0.0000 N   0  0
   -2.3155    0.7475    0.0000 N   0  0
   -0.9971    3.0138    0.0000 N   0  0
    2.5889    0.0182    0.0000 C   0  0
    2.1855   -2.6254    0.0000 C   0  0
   -2.3155   -0.7475    0.0000 C   0  0
   -2.0337    3.6184    0.0000 C   0  0
    0.0446    3.6095    0.0000 C   0  0
    3.6552   -2.9294    0.0000 C   0  0
    4.6880   -3.9062    0.0000 C   0  0
    4.9887   -2.4367    0.0000 C   0  0
  1  2  4  0
  1  3  4  0
  1  4  1  0
  2  5  4  0
  2  6  1  0
  3  7  4  0
  3  8  1  0
  4  9  2  0
  5  9  1  0
  5 10  1  0
  6 11  2  0
  7 11  1  0
  8 12  1  0
  8 13  1  0
 10 14  1  0
 14 15  1  0
 14 16  1  0
 15 16  1  0
M  END
> <HOMO>
    -8.344426

> <LUMO>
     -0.010646

> <MW>
217.274

> <CAS>
195252-02-9

> <SPECIES>
rat

> <ROUTE>
oral

> <ENDPOINT>
LD50

> <DOSE_VALUE>
2.623409558e-003

> <DOSE_UNITS>
mol/kg

> <ALogP>
0.873

> <num>
4756

> <logLD50>
-2.58113390350983

> <LD50>
0.569998688295217

> <IndTox>
4

> <Toxicity>
medium

$$$$

  SciTegic06091010432D

 14 14  0  0  0  0            999 V2000
    0.7500   -1.0323    0.0000 N   0  0
    1.2135    0.3943    0.0000 C   0  0
    1.6281   -2.2462    0.0000 C   0  0
   -0.7500   -1.0323    0.0000 C   0  0
    0.0000    1.2760    0.0000 C   0  0
    2.6375    0.8603    0.0000 C   0  0
    1.0157   -3.6164    0.0000 C   0  0
    2.8218   -2.1229    0.0000 O   0  0
   -1.2135    0.3943    0.0000 C   0  0
    3.5307    0.0589    0.0000 O   0  0
    2.8853    2.0344    0.0000 O   0  0
    1.8954   -4.8324    0.0000 C   0  0
   -0.1779   -3.7398    0.0000 C   0  0
    1.4057   -5.9280    0.0000 S   0  0
  1  2  1  0
  1  3  1  0
  1  4  1  0
  2  5  1  0
  2  6  1  0
  3  7  1  0
  3  8  2  0
  4  9  1  0
  5  9  1  0
  6 10  1  0
  6 11  2  0
  7 12  1  0
  7 13  1  0
 12 14  1  0
M  END
> <HOMO>
    -9.063908

> <LUMO>
     0.250574

> <MW>
217.287

> <CAS>
62571-86-2

> <SPECIES>
rat

> <ROUTE>
oral

> <ENDPOINT>
LD50

> <DOSE_VALUE>
1.9536328597e-002

> <DOSE_UNITS>
mol/kg

> <ALogP>
0.667

> <num>
4757

> <logLD50>
-1.70915704859665

> <LD50>
4.24499023183571

> <IndTox>
4

> <Toxicity>
medium

$$$$

  SciTegic06091010432D

 16 17  0  0  0  0            999 V2000
    0.0000    0.7486    0.0000 C   0  0
    0.0000   -0.7486    0.0000 C   0  0
   -1.2964    1.4973    0.0000 C   0  0
    1.2964    1.4973    0.0000 N   0  0
   -1.2964   -1.4973    0.0000 C   0  0
    1.2964   -1.4973    0.0000 C   0  0
   -2.6111    0.7486    0.0000 C   0  0
    2.5929    0.7486    0.0000 C   0  0
   -2.6111   -0.7486    0.0000 C   0  0
    2.5929   -0.7486    0.0000 C   0  0
    1.2964   -2.6973    0.0000 C   0  0
    3.6176    0.1242    0.0000 C   0  0
    2.5647    1.9483    0.0000 C   0  0
   -3.9122   -1.4966    0.0000 O   0  0
   -5.2109   -0.7445    0.0000 C   0  0
   -6.2513   -1.3425    0.0000 C   0  0
  1  2  4  0
  1  3  4  0
  1  4  1  0
  2  5  4  0
  2  6  1  0
  3  7  4  0
  4  8  1  0
  5  9  4  0
  7  9  4  0
  6 10  2  0
  8 10  1  0
  6 11  1  0
  8 12  1  0
  8 13  1  0
  9 14  1  0
 14 15  1  0
 15 16  1  0
M  END
> <HOMO>
    -7.886011

> <LUMO>
     0.063281

> <MW>
217.310

> <CAS>
91-53-2

> <SPECIES>
rat

> <ROUTE>
oral

> <ENDPOINT>
LD50

> <DOSE_VALUE>
3.6813751409e-003

> <DOSE_UNITS>
mol/kg

> <ALogP>
3.221

> <num>
4760

> <logLD50>
-2.43398992465915

> <LD50>
0.799999631862481

> <IndTox>
4

> <Toxicity>
medium

$$$$

  SciTegic06091010432D

 16 17  0  0  0  0            999 V2000
    2.5951   -3.0039    0.0000 C   0  0
    3.8933   -3.7570    0.0000 N   0  0
    2.5973   -1.5031    0.0000 C   0  0
    1.2925   -3.7494    0.0000 C   0  0
    4.0312   -5.2378    0.0000 C   0  0
    5.2447   -3.1359    0.0000 C   0  0
    1.2990   -0.7500    0.0000 C   0  0
   -0.0048   -2.9949    0.0000 C   0  0
    5.4984   -5.5497    0.0000 C   0  0
    6.2484   -4.2507    0.0000 C   0  0
    1.2990    0.7500    0.0000 C   0  0
    0.0000   -1.5000    0.0000 C   0  0
   -1.0464   -3.5909    0.0000 C   0  0
    0.0000    1.5000    0.0000 C   0  0
   -1.2990   -0.7500    0.0000 C   0  0
   -1.2990    0.7500    0.0000 C   0  0
  1  2  1  0
  1  3  1  0
  1  4  1  0
  2  5  1  0
  2  6  1  0
  3  7  1  0
  4  8  1  0
  5  9  1  0
  6 10  1  0
  9 10  1  0
  7 11  4  0
  7 12  2  0
  8 13  1  0
 11 14  4  0
 12 15  4  0
 14 16  4  0
 15 16  4  0
M  END
> <HOMO>
    -9.259849

> <LUMO>
     0.569254

> <MW>
217.354

> <CAS>
493-92-5

> <SPECIES>
rat

> <ROUTE>
oral

> <ENDPOINT>
LD50

> <DOSE_VALUE>
7.2232494777e-004

> <DOSE_UNITS>
mol/kg

> <ALogP>
4.043

> <num>
4764

> <logLD50>
-3.14126738515147

> <LD50>
0.157000216697483

> <IndTox>
3

> <Toxicity>
medium

$$$$

  SciTegic06091010432D

 14 13  0  0  0  0            999 V2000
    3.9000    0.7500    0.0000 N   0  0
    5.2000    0.0000    0.0000 C   0  0
    2.6000    0.0000    0.0000 C   0  0
    3.8969    2.2508    0.0000 C   0  0
    6.5000    0.7500    0.0000 S   0  0
    5.2000   -1.2000    0.0000 O   0  0
    1.3000    0.7500    0.0000 C   0  0
    2.5961    2.9994    0.0000 C   0  0
    7.7999    0.0000    0.0000 C   0  0
    0.2606    0.1503    0.0000 C   0  0
    1.3000    1.9500    0.0000 C   0  0
    2.5936    4.1994    0.0000 C   0  0
    1.5579    2.3976    0.0000 C   0  0
    8.8394    0.5997    0.0000 C   0  0
  1  2  1  0
  1  3  1  0
  1  4  1  0
  2  5  1  0
  2  6  2  0
  3  7  1  0
  4  8  1  0
  5  9  1  0
  7 10  1  0
  7 11  1  0
  8 12  1  0
  8 13  1  0
  9 14  1  0
M  END
> <HOMO>
    -9.191877

> <LUMO>
     -0.160323

> <MW>
217.375

> <CAS>
2008-41-5

> <SPECIES>
rat

> <ROUTE>
oral

> <ENDPOINT>
LD50

> <DOSE_VALUE>
1.8401405499e-002

> <DOSE_UNITS>
mol/kg

> <ALogP>
3.513

> <num>
4765

> <logLD50>
-1.73514900431105

> <LD50>
4.0000055204217

> <IndTox>
4

> <Toxicity>
medium

$$$$

  SciTegic06091010432D

 14 14  0  0  0  0            999 V2000
    1.2990   -0.7500    0.0000 C   0  0
    1.2990    0.7500    0.0000 C   0  0
    0.0000   -1.5000    0.0000 C   0  0
    2.5973   -1.5031    0.0000 N   0  3
    0.0000    1.5000    0.0000 C   0  0
    2.3383    1.3500    0.0000 N   0  0
   -1.2990   -0.7500    0.0000 C   0  0
    2.5956   -2.7031    0.0000 O   0  0
    3.6375   -0.9049    0.0000 O   0  5
   -1.2990    0.7500    0.0000 C   0  0
   -0.0031    3.0008    0.0000 N   0  3
   -2.3383   -1.3500    0.0000 Cl  0  0
   -1.0432    3.5993    0.0000 O   0  0
    1.0351    3.6026    0.0000 O   0  5
  1  2  4  0
  1  3  4  0
  1  4  1  0
  2  5  4  0
  2  6  1  0
  3  7  4  0
  4  8  2  0
  4  9  1  0
  5 10  4  0
  7 10  2  0
  5 11  1  0
  7 12  1  0
 11 13  2  0
 11 14  1  0
M  CHG  4   4   1   9  -1  11   1  14  -1
M  END
> <HOMO>
    -10.101836

> <LUMO>
     -2.259123

> <MW>
217.568

> <CAS>
5388-62-5

> <SPECIES>
rat

> <ROUTE>
oral

> <ENDPOINT>
LD50

> <DOSE_VALUE>
1.8385090427e-003

> <DOSE_UNITS>
mol/kg

> <ALogP>
1.536

> <num>
4767

> <logLD50>
-2.73553422971246

> <LD50>
0.400000735403614

> <IndTox>
3

> <Toxicity>
medium

$$$$

  SciTegic06091010432D

  6  5  0  0  0  0            999 V2000
    1.3000    0.7500    0.0000 C   0  0
    2.6000    0.0000    0.0000 C   0  0
    1.3000    1.9500    0.0000 O   0  0
    0.2606    0.1503    0.0000 O   0  0
    3.6394    0.5997    0.0000 Br  0  0
    2.6000   -1.2000    0.0000 Br  0  0
  1  2  1  0
  1  3  1  0
  1  4  2  0
  2  5  1  0
  2  6  1  0
M  END
> <HOMO>
    -11.099614

> <LUMO>
     -0.799439

> <MW>
217.844

> <CAS>
631-64-1

> <SPECIES>
rat

> <ROUTE>
oral

> <ENDPOINT>
LD50

> <DOSE_VALUE>
7.9736031046e-003

> <DOSE_UNITS>
mol/kg

> <ALogP>
1.413

> <num>
4769

> <logLD50>
-2.09834538564976

> <LD50>
1.73700159472063

> <IndTox>
4

> <Toxicity>
medium

$$$$

  SciTegic06091010432D

  6  5  0  0  0  0            999 V2000
    2.6000    0.0000    0.0000 C   0  0
    1.3000    0.7500    0.0000 C   0  0
    3.9000    0.7500    0.0000 C   0  0
    2.6000   -1.2000    0.0000 Br  0  0
    0.2606    0.1503    0.0000 O   0  0
    4.9394    0.1503    0.0000 Br  0  0
  1  2  1  0
  1  3  1  0
  1  4  1  0
  2  5  1  0
  3  6  1  0
M  END
> <HOMO>
    -10.761562

> <LUMO>
     0.145032

> <MW>
217.887

> <CAS>
96-13-9

> <SPECIES>
rat

> <ROUTE>
oral

> <ENDPOINT>
LD50

> <DOSE_VALUE>
3.125467558e-003

> <DOSE_UNITS>
mol/kg

> <ALogP>
1.29

> <num>
4770

> <logLD50>
-2.50508500466349

> <LD50>
0.680998749812971

> <IndTox>
4

> <Toxicity>
medium

$$$$

  SciTegic06091010432D

  8  8  0  0  0  0            999 V2000
    1.2990   -0.7500    0.0000 C   0  0
    1.2990    0.7500    0.0000 C   0  0
    0.0000   -1.5000    0.0000 C   0  0
    0.0000    1.5000    0.0000 C   0  0
    2.3383    1.3500    0.0000 C   0  0
   -1.2990   -0.7500    0.0000 C   0  0
    0.0000   -2.7000    0.0000 I   0  0
   -1.2990    0.7500    0.0000 C   0  0
  1  2  4  0
  1  3  4  0
  2  4  4  0
  2  5  1  0
  3  6  4  0
  3  7  1  0
  4  8  4  0
  6  8  4  0
M  END
> <HOMO>
    -9.605901

> <LUMO>
     0.094529

> <MW>
218.032

> <CAS>
625-95-6

> <SPECIES>
rat

> <ROUTE>
oral

> <ENDPOINT>
LD50

> <DOSE_VALUE>
1.0530549831e-002

> <DOSE_UNITS>
mol/kg

> <ALogP>
2.894

> <num>
4772

> <logLD50>
-1.9775489524138

> <LD50>
2.29599684083507

> <IndTox>
4

> <Toxicity>
medium

$$$$

  SciTegic06091010432D

 13 14  0  0  0  0            999 V2000
    0.2917    0.7475    0.0000 C   0  0
    0.2917   -0.7475    0.0000 C   0  0
    1.7138    1.2033    0.0000 N   0  0
   -1.0028    1.5132    0.0000 C   0  0
    1.7138   -1.2033    0.0000 O   0  0
   -1.0028   -1.5132    0.0000 C   0  0
    2.5889    0.0182    0.0000 C   0  0
    2.1812    2.6271    0.0000 C   0  0
   -2.3155    0.7475    0.0000 C   0  0
   -2.3155   -0.7475    0.0000 C   0  0
    3.7889    0.0269    0.0000 O   0  0
    3.3556    2.8737    0.0000 Cl  0  0
   -3.3560   -1.3452    0.0000 Cl  0  0
  1  2  4  0
  1  3  1  0
  1  4  1  0
  2  5  1  0
  2  6  1  0
  3  7  1  0
  5  7  1  0
  3  8  1  0
  4  9  4  0
  6 10  4  0
  9 10  4  0
  7 11  2  0
  8 12  1  0
 10 13  1  0
M  END
> <HOMO>
    -9.335096

> <LUMO>
     -0.531587

> <MW>
218.038

> <CAS>
40507-94-6

> <SPECIES>
rat

> <ROUTE>
oral

> <ENDPOINT>
LD50

> <DOSE_VALUE>
1.0777913075e-002

> <DOSE_UNITS>
mol/kg

> <ALogP>
2.647

> <num>
4773

> <logLD50>
-1.96746532335707

> <LD50>
2.34999461104345

> <IndTox>
4

> <Toxicity>
medium

$$$$

  SciTegic06091010432D

 13 13  0  0  0  0            999 V2000
    1.2990   -0.7500    0.0000 C   0  0
    1.2990    0.7500    0.0000 C   0  0
    0.0000   -1.5000    0.0000 C   0  0
    2.5973   -1.5031    0.0000 N   0  0
    0.0000    1.5000    0.0000 C   0  0
   -1.2990   -0.7500    0.0000 C   0  0
    2.5951   -3.0039    0.0000 C   0  0
   -1.2990    0.7500    0.0000 C   0  0
    0.0000    2.7000    0.0000 Cl  0  0
    3.8933   -3.7570    0.0000 C   0  0
    1.5548   -3.6021    0.0000 O   0  0
   -2.3383    1.3500    0.0000 Cl  0  0
    3.8916   -4.9570    0.0000 C   0  0
  1  2  4  0
  1  3  4  0
  1  4  1  0
  2  5  4  0
  3  6  4  0
  4  7  1  0
  5  8  4  0
  6  8  4  0
  5  9  1  0
  7 10  1  0
  7 11  2  0
  8 12  1  0
 10 13  1  0
M  END
> <HOMO>
    -9.055664

> <LUMO>
     -0.106288

> <MW>
218.082

> <CAS>
709-98-8

> <SPECIES>
rat

> <ROUTE>
oral

> <ENDPOINT>
LD50

> <DOSE_VALUE>
1.682852467e-003

> <DOSE_UNITS>
mol/kg

> <ALogP>
2.946

> <num>
4774

> <logLD50>
-2.77395395625438

> <LD50>
0.366999831714752

> <IndTox>
3

> <Toxicity>
medium

$$$$

  SciTegic06091010432D

  6  6  0  0  0  0            999 V2000
    0.7500   -1.0323    0.0000 C   0  0
    1.2135    0.3943    0.0000 C   0  0
   -0.7500   -1.0323    0.0000 C   0  0
    1.4553   -2.0031    0.0000 C   0  0
    0.0000    1.2760    0.0000 C   0  0
   -1.2135    0.3943    0.0000 C   0  0
  1  2  4  0
  1  3  1  0
  1  4  1  0
  2  5  4  0
  3  6  4  0
  5  6  4  0
M  END
> <HOMO>
    -8.988686

> <LUMO>
     -5.608434

> <MW>
218.089

> <CAS>
12108-13-3

> <SPECIES>
rat

> <ROUTE>
oral

> <ENDPOINT>
LD50

> <DOSE_VALUE>
3.6682221457e-005

> <DOSE_UNITS>
mol/kg

> <ALogP>
3.578

> <num>
4775

> <logLD50>
-4.43554437154893

> <LD50>
7.9999889953e-003

> <IndTox>
2

> <Toxicity>
high

$$$$

  SciTegic06091010432D

 14 14  0  0  0  0            999 V2000
    2.5973   -1.5031    0.0000 O   0  0
    2.5951   -3.0039    0.0000 P   0  0
    3.6331   -3.6060    0.0000 O   0  0
    1.5548   -3.6021    0.0000 O   0  0
    2.5928   -4.2039    0.0000 O   0  0
    1.2990   -0.7500    0.0000 C   0  0
    1.2990    0.7500    0.0000 C   0  0
    0.0000    1.5000    0.0000 C   0  0
   -1.2990    0.7500    0.0000 C   0  0
   -1.2990   -0.7500    0.0000 C   0  0
    0.0000   -1.5000    0.0000 C   0  0
    2.5972    1.5031    0.0000 C   0  0
    2.5955    2.7031    0.0000 O   0  0
    3.6375    0.9049    0.0000 O   0  0
  1  2  1  0
  2  3  2  0
  2  4  1  0
  2  5  1  0
  1  6  1  0
  7  6  2  0
  7  8  1  0
  8  9  2  0
  9 10  1  0
 10 11  2  0
  6 11  1  0
  7 12  1  0
 12 13  2  0
 12 14  1  0
M  END
> <cas>
6064-83-1

> <HOMO>
    -9.791217

> <LUMO>
     -1.347623

> <MW>
218.100

> <SPECIES>
rat

> <ROUTE>
oral

> <ENDPOINT>
LD50

> <DOSE_VALUE>
5.0618912491e-003

> <DOSE_UNITS>
mol/kg

> <ALogP>
0.963

> <num>
4776

> <logLD50>
-2.29568718956404

> <LD50>
1.10399848143262

> <IndTox>
4

> <Toxicity>
medium

$$$$

  SciTegic06091010432D

 16 18  0  0  0  0            999 V2000
   -1.2923    0.7474    0.0000 C   0  0
   -1.2923   -0.7474    0.0000 C   0  0
   -2.7404    1.2145    0.0000 C   0  0
    0.0000    1.4947    0.0000 C   0  0
   -2.7404   -1.1989    0.0000 C   0  0
    0.0000   -1.5103    0.0000 C   0  0
   -3.5656    0.0000    0.0000 O   0  0
   -3.1303    2.3494    0.0000 O   0  0
    1.3235    0.7785    0.0000 C   0  0
   -3.1324   -2.3331    0.0000 O   0  0
    1.3235   -0.7629    0.0000 C   0  0
    2.7715    1.2145    0.0000 C   0  0
    2.7715   -1.2301    0.0000 C   0  0
    3.5967    0.0000    0.0000 O   0  0
    3.1726    2.3455    0.0000 O   0  0
    3.1648   -2.3638    0.0000 O   0  0
  1  2  4  0
  1  3  1  0
  1  4  1  0
  2  5  1  0
  2  6  1  0
  3  7  1  0
  5  7  1  0
  3  8  2  0
  4  9  4  0
  5 10  2  0
  6 11  4  0
  9 11  1  0
  9 12  1  0
 11 13  1  0
 12 14  1  0
 13 14  1  0
 12 15  2  0
 13 16  2  0
M  END
> <HOMO>
    -11.797053

> <LUMO>
     -2.896992

> <MW>
218.120

> <CAS>
89-32-7

> <SPECIES>
rat

> <ROUTE>
oral

> <ENDPOINT>
LD50

> <DOSE_VALUE>
1.0315432162e-002

> <DOSE_UNITS>
mol/kg

> <ALogP>
0.777

> <num>
4777

> <logLD50>
-1.98651257268714

> <LD50>
2.25000206308641

> <IndTox>
4

> <Toxicity>
medium

$$$$

  SciTegic06091010432D

 13 13  0  0  0  0            999 V2000
    1.2990   -0.7500    0.0000 C   0  0
    2.5973   -1.5031    0.0000 N   0  0
    1.2990    0.7500    0.0000 C   0  0
    0.0000   -1.5000    0.0000 C   0  0
    2.5951   -3.0039    0.0000 C   0  0
    3.8999   -0.7576    0.0000 C   0  0
    0.0000    1.5000    0.0000 C   0  0
   -1.2990   -0.7500    0.0000 C   0  0
    3.8933   -3.7570    0.0000 C   0  0
    5.1972   -1.5121    0.0000 C   0  0
   -1.2990    0.7500    0.0000 C   0  0
    3.8916   -4.9570    0.0000 Cl  0  0
    6.2387   -0.9161    0.0000 Cl  0  0
  1  2  1  0
  1  3  4  0
  1  4  1  0
  2  5  1  0
  2  6  1  0
  3  7  4  0
  4  8  4  0
  5  9  1  0
  6 10  1  0
  7 11  4  0
  8 11  4  0
  9 12  1  0
 10 13  1  0
M  END
> <HOMO>
    -8.587607

> <LUMO>
     0.393051

> <MW>
218.126

> <CAS>
553-27-5

> <SPECIES>
rat

> <ROUTE>
oral

> <ENDPOINT>
LD50

> <DOSE_VALUE>
1.0956984894e-003

> <DOSE_UNITS>
mol/kg

> <ALogP>
3.322

> <num>
4778

> <logLD50>
-2.96030893707729

> <LD50>
0.239000328709549

> <IndTox>
3

> <Toxicity>
medium

$$$$

  SciTegic06091010432D

 15 16  0  0  0  0            999 V2000
    4.0872    0.0351    0.0000 C   0  0
    2.5889    0.0182    0.0000 C   0  0
    4.6760    1.0808    0.0000 F   0  0
    4.6987   -0.9974    0.0000 F   0  0
    5.2871    0.0482    0.0000 F   0  0
    1.7138    1.2033    0.0000 N   0  0
    1.7138   -1.2033    0.0000 N   0  0
    0.2917    0.7475    0.0000 C   0  0
    0.2917   -0.7475    0.0000 C   0  0
   -1.0028    1.5132    0.0000 C   0  0
   -1.0028   -1.5132    0.0000 C   0  0
   -2.3155    0.7475    0.0000 C   0  0
   -0.9991    2.7132    0.0000 O   0  0
   -2.3155   -0.7475    0.0000 C   0  0
   -0.9991   -2.7132    0.0000 O   0  0
  1  2  1  0
  1  3  1  0
  1  4  1  0
  1  5  1  0
  2  6  4  0
  2  7  2  0
  6  8  4  0
  7  9  1  0
  8  9  2  0
  8 10  4  0
  9 11  4  0
 10 12  4  0
 10 13  1  0
 11 14  4  0
 12 14  4  0
 11 15  1  0
M  END
> <HOMO>
    -8.674303

> <LUMO>
     -0.544165

> <MW>
218.133

> <CAS>
89427-12-3

> <SPECIES>
rat

> <ROUTE>
oral

> <ENDPOINT>
LD50

> <DOSE_VALUE>
1.3294610869e-004

> <DOSE_UNITS>
mol/kg

> <ALogP>
2.21

> <num>
4779

> <logLD50>
-3.87632436987099

> <LD50>
2.8999933527e-002

> <IndTox>
2

> <Toxicity>
high

$$$$

  SciTegic06091010432D

 15 15  0  0  0  0            999 V2000
    0.7500   -1.0323    0.0000 C   0  0
    1.6281   -2.2462    0.0000 N   0  0
    1.2135    0.3943    0.0000 C   0  0
   -0.7500   -1.0323    0.0000 N   0  0
    1.0157   -3.6164    0.0000 C   0  0
    3.1213   -2.0950    0.0000 C   0  0
    0.0000    1.2760    0.0000 N   0  0
    2.3548    0.7651    0.0000 O   0  0
   -1.2135    0.3943    0.0000 C   0  0
    1.8954   -4.8324    0.0000 N   0  0
   -0.1779   -3.7398    0.0000 O   0  0
    3.8236   -3.0681    0.0000 O   0  0
   -2.3548    0.7651    0.0000 O   0  0
    1.2830   -6.2026    0.0000 C   0  0
    1.9863   -7.1749    0.0000 O   0  0
  1  2  1  0
  1  3  1  0
  1  4  1  0
  2  5  1  0
  2  6  1  0
  3  7  1  0
  3  8  2  0
  4  9  1  0
  7  9  1  0
  5 10  1  0
  5 11  2  0
  6 12  1  0
  9 13  2  0
 10 14  1  0
 14 15  1  0
M  END
> <HOMO>
    -10.347248

> <LUMO>
     -0.080701

> <MW>
218.168

> <CAS>
78491-02-8

> <SPECIES>
rat

> <ROUTE>
oral

> <ENDPOINT>
LD50

> <DOSE_VALUE>
1.1917421437e-002

> <DOSE_UNITS>
mol/kg

> <ALogP>
-2.462

> <num>
4780

> <logLD50>
-1.92381770239434

> <LD50>
2.59999999999998

> <IndTox>
4

> <Toxicity>
medium

$$$$

  SciTegic06091010432D

 14 14  0  0  0  0            999 V2000
    2.5988   -1.5004    0.0000 S   0  0
    2.5984   -2.7004    0.0000 O   0  0
   -2.3383    1.3500    0.0000 O   0  0
    3.6384   -0.9011    0.0000 O   0  0
    3.6377   -2.1009    0.0000 O   0  0
   -1.0351    3.6026    0.0000 O   0  0
    1.0432    3.5994    0.0000 O   0  0
    1.2990   -0.7500    0.0000 C   0  0
    1.2990    0.7500    0.0000 C   0  0
    0.0000    1.5000    0.0000 C   0  0
    0.0000   -1.5000    0.0000 C   0  0
   -1.2990    0.7500    0.0000 C   0  0
   -1.2990   -0.7500    0.0000 C   0  0
    0.0031    3.0008    0.0000 C   0  0
  1  2  1  0
  1  4  2  0
  1  5  2  0
  1  8  1  0
  3 12  1  0
  6 14  1  0
  7 14  2  0
  8  9  2  0
  8 11  1  0
  9 10  1  0
 10 12  2  0
 10 14  1  0
 11 13  2  0
 12 13  1  0
M  END
> <cas>
75981-55-4

> <HOMO>
    -9.949488

> <LUMO>
     -3.692645

> <MW>
218.184

> <SPECIES>
rat

> <ROUTE>
oral

> <ENDPOINT>
LD50

> <DOSE_VALUE>
8.479066331e-003

> <DOSE_UNITS>
mol/kg

> <ALogP>
0.55

> <num>
4781

> <logLD50>
-2.07165196727133

> <LD50>
1.84999660837347

> <IndTox>
4

> <Toxicity>
medium

$$$$

  SciTegic06091010432D

 15 14  0  0  0  0            999 V2000
    5.2000    0.0000    0.0000 C   0  0
    3.9000    0.7500    0.0000 C   0  0
    6.5000    0.7500    0.0000 C   0  0
    5.2030   -1.5008    0.0000 O   0  0
    2.6000    0.0000    0.0000 O   0  0
    7.7999    0.0000    0.0000 O   0  0
    6.5039   -2.2494    0.0000 C   0  0
    1.3000    0.7500    0.0000 C   0  0
    9.0999    0.7500    0.0000 C   0  0
    7.5421   -1.6476    0.0000 C   0  0
    6.5063   -3.4494    0.0000 O   0  0
    1.3000    1.9500    0.0000 C   0  0
    0.2606    0.1503    0.0000 O   0  0
    9.0999    1.9500    0.0000 C   0  0
    10.1394    0.1503    0.0000 O   0  0
  1  2  1  0
  1  3  1  0
  1  4  1  0
  2  5  1  0
  3  6  1  0
  4  7  1  0
  5  8  1  0
  6  9  1  0
  7 10  1  0
  7 11  2  0
  8 12  1  0
  8 13  2  0
  9 14  1  0
  9 15  2  0
M  END
> <HOMO>
    -11.091128

> <LUMO>
     0.428878

> <MW>
218.204

> <CAS>
102-76-1

> <SPECIES>
rat

> <ROUTE>
oral

> <ENDPOINT>
LD50

> <DOSE_VALUE>
1.3748627429e-002

> <DOSE_UNITS>
mol/kg

> <ALogP>
-0.271

> <num>
4782

> <logLD50>
-1.8617406567354

> <LD50>
3.00000549945096

> <IndTox>
4

> <Toxicity>
medium

$$$$

  SciTegic06091010432D

 16 17  0  0  0  0            999 V2000
    1.2990   -0.7500    0.0000 C   0  0
    1.2990    0.7500    0.0000 C   0  0
    0.0000    1.5000    0.0000 C   0  0
   -1.2990    0.7500    0.0000 C   0  0
   -1.2990   -0.7500    0.0000 C   0  0
    0.0000   -1.5000    0.0000 C   0  0
   -2.5989    1.5003    0.0000 C   0  0
   -3.8133    2.3171    0.0000 C   0  0
   -3.3514    3.7442    0.0000 C   0  0
   -1.8514    3.7459    0.0000 C   0  0
   -1.3863    2.3198    0.0000 O   0  0
   -4.9475    1.9251    0.0000 O   0  0
   -3.6369    0.8981    0.0000 C   0  0
   -0.9696    4.9571    0.0000 C   0  0
    0.2238    4.8313    0.0000 O   0  0
   -1.4569    6.0537    0.0000 O   0  0
  1  2  2  0
  2  3  1  0
  3  4  2  0
  4  5  1  0
  5  6  2  0
  1  6  1  0
  4  7  1  0
  7  8  1  0
  8  9  1  0
  9 10  2  0
 10 11  1  0
  7 11  1  0
 12  8  2  0
 13  7  1  0
 10 14  1  0
 14 15  2  0
 14 16  1  0
M  END
> <cas>
72420-38-3

> <HOMO>
    -7.872423

> <LUMO>
     -1.754855

> <MW>
218.207

> <SPECIES>
rat

> <ROUTE>
oral

> <ENDPOINT>
LD50

> <DOSE_VALUE>
1.3748413204e-002

> <DOSE_UNITS>
mol/kg

> <ALogP>
1.544

> <num>
4784

> <logLD50>
-1.86174742376277

> <LD50>
3.00000000000003

> <IndTox>
4

> <Toxicity>
medium

$$$$

  SciTegic06091010432D

 15 14  0  0  0  0            999 V2000
    6.5000    0.7500    0.0000 N   0  0
    5.2000    0.0000    0.0000 C   0  0
    7.7999    0.0000    0.0000 C   0  0
    6.5030    2.2508    0.0000 N   0  0
    3.9000    0.7500    0.0000 C   0  0
    9.0999    0.7500    0.0000 C   0  0
    7.5431    2.8494    0.0000 O   0  0
    2.6000    0.0000    0.0000 O   0  0
    10.3999    0.0000    0.0000 O   0  0
    1.3000    0.7500    0.0000 C   0  0
    11.6999    0.7500    0.0000 C   0  0
    1.3000    1.9500    0.0000 C   0  0
    0.2606    0.1503    0.0000 O   0  0
    11.6999    1.9500    0.0000 C   0  0
    12.7393    0.1503    0.0000 O   0  0
  1  2  1  0
  1  3  1  0
  1  4  1  0
  2  5  1  0
  3  6  1  0
  4  7  2  0
  5  8  1  0
  6  9  1  0
  8 10  1  0
  9 11  1  0
 10 12  1  0
 10 13  2  0
 11 14  1  0
 11 15  2  0
M  END
> <HOMO>
    -10.199215

> <LUMO>
     0.571039

> <MW>
218.208

> <CAS>
13256-19-4

> <SPECIES>
rat

> <ROUTE>
oral

> <ENDPOINT>
LD50

> <DOSE_VALUE>
2.2913959001e-002

> <DOSE_UNITS>
mol/kg

> <ALogP>
-0.23

> <num>
4785

> <logLD50>
-1.63989986831677

> <LD50>
5.00000916558364

> <IndTox>
5

> <Toxicity>
slight

$$$$

  SciTegic06091010432D

 15 14  0  0  0  0            999 V2000
    5.2000    0.0000    0.0000 C   0  0
    3.9000    0.7500    0.0000 C   0  0
    6.5000    0.7500    0.0000 C   0  0
    5.2000   -1.5007    0.0000 C   0  0
    5.2000    1.2000    0.0000 C   0  0
    2.6000    0.0000    0.0000 O   0  0
    7.7999    0.0000    0.0000 O   0  0
    3.9007   -2.2520    0.0000 C   0  0
    1.3000    0.7500    0.0000 C   0  0
    9.0999    0.7500    0.0000 C   0  0
    3.9007   -3.4520    0.0000 C   0  0
    1.3000    1.9500    0.0000 N   0  0
    0.2606    0.1503    0.0000 O   0  0
    9.0999    1.9500    0.0000 N   0  0
    10.1394    0.1503    0.0000 O   0  0
  1  2  1  0
  1  3  1  0
  1  4  1  0
  1  5  1  0
  2  6  1  0
  3  7  1  0
  4  8  1  0
  6  9  1  0
  7 10  1  0
  8 11  1  0
  9 12  1  0
  9 13  2  0
 10 14  1  0
 10 15  2  0
M  END
> <HOMO>
    -7.914260

> <LUMO>
     -0.267139

> <MW>
218.251

> <CAS>
57-53-4

> <SPECIES>
rat

> <ROUTE>
oral

> <ENDPOINT>
LD50

> <DOSE_VALUE>
3.6380097796e-003

> <DOSE_UNITS>
mol/kg

> <ALogP>
1.267

> <num>
4786

> <logLD50>
-2.43913613781739

> <LD50>
0.793999272398038

> <IndTox>
4

> <Toxicity>
medium

$$$$

  SciTegic06091010432D

 16 17  0  0  0  0            999 V2000
    0.0000    0.7486    0.0000 C   0  0
    0.0000   -0.7486    0.0000 C   0  0
   -1.2964    1.4973    0.0000 N   0  3
    1.2964    1.4973    0.0000 C   0  0
   -1.2964   -1.4973    0.0000 N   0  3
    1.2964   -1.4973    0.0000 C   0  0
   -2.6111    0.7486    0.0000 C   0  0
   -1.2928    2.6973    0.0000 O   0  5
    2.5929    0.7486    0.0000 C   0  0
   -2.6111   -0.7486    0.0000 C   0  0
   -1.2928   -2.6973    0.0000 O   0  5
    2.5929   -0.7486    0.0000 C   0  0
   -3.9122    1.4966    0.0000 C   0  0
   -3.6486   -1.3517    0.0000 C   0  0
   -4.9506    0.8952    0.0000 C   0  0
   -3.9141    2.6966    0.0000 C   0  0
  1  2  4  0
  1  3  4  0
  1  4  1  0
  2  5  4  0
  2  6  1  0
  3  7  4  0
  3  8  1  0
  4  9  4  0
  5 10  4  0
  7 10  1  0
  5 11  1  0
  6 12  4  0
  9 12  4  0
  7 13  1  0
 10 14  1  0
 13 15  1  0
 13 16  1  0
M  CHG  4   3   1   5   1   8  -1  11  -1
M  END
> <HOMO>
    -7.631742

> <LUMO>
     -1.746199

> <MW>
218.255

> <CAS>
23511-42-4

> <SPECIES>
rat

> <ROUTE>
oral

> <ENDPOINT>
LD50

> <DOSE_VALUE>
1.02449158e-002

> <DOSE_UNITS>
mol/kg

> <ALogP>
1.3

> <num>
4787

> <logLD50>
-1.98949160658161

> <LD50>
2.23600409796634

> <IndTox>
4

> <Toxicity>
medium

$$$$

  SciTegic06091010432D

 16 17  0  0  0  0            999 V2000
    2.5978   -1.5030    0.0000 C   0  0
    1.2990   -0.7500    0.0000 C   0  0
    3.9119   -2.1471    0.0000 C   0  0
    2.7019   -0.0432    0.0000 N   0  0
    2.5955   -3.0038    0.0000 C   0  0
    1.2990    0.7500    0.0000 C   0  0
    0.0000   -1.5000    0.0000 C   0  0
    4.9175   -1.0340    0.0000 N   0  0
    4.1388   -3.3255    0.0000 O   0  0
    4.1696    0.2662    0.0000 C   0  0
    3.6335   -3.6060    0.0000 C   0  0
    0.0000    1.5000    0.0000 C   0  0
   -1.2990   -0.7500    0.0000 C   0  0
    6.1107   -1.1615    0.0000 C   0  0
    4.6595    1.3617    0.0000 O   0  0
   -1.2990    0.7500    0.0000 C   0  0
  1  2  1  0
  1  3  1  0
  1  4  1  0
  1  5  1  0
  2  6  4  0
  2  7  2  0
  3  8  1  0
  3  9  2  0
  4 10  1  0
  8 10  1  0
  5 11  1  0
  6 12  4  0
  7 13  4  0
  8 14  1  0
 10 15  2  0
 12 16  4  0
 13 16  4  0
M  END
> <HOMO>
    -9.924093

> <LUMO>
     0.047508

> <MW>
218.255

> <CAS>
50-12-4

> <SPECIES>
rat

> <ROUTE>
oral

> <ENDPOINT>
LD50

> <DOSE_VALUE>
3.8945341816e-003

> <DOSE_UNITS>
mol/kg

> <ALogP>
1.599

> <num>
4788

> <logLD50>
-2.40954448008171

> <LD50>
0.850001557813665

> <IndTox>
4

> <Toxicity>
medium

$$$$

  SciTegic06091010432D

 16 17  0  0  0  0            999 V2000
    1.2990   -0.7500    0.0000 C   0  0
    1.7713   -2.1535    0.0000 C   0  0
    1.2990    0.7500    0.0000 C   0  0
    0.0000   -1.5000    0.0000 C   0  0
    2.5625    0.0216    0.0000 C   0  0
    3.2417   -2.4501    0.0000 C   0  0
    0.7792   -3.2786    0.0000 C   0  0
    0.0000    1.5000    0.0000 N   0  0
    2.3383    1.3500    0.0000 O   0  0
   -1.2990   -0.7500    0.0000 N   0  0
    0.0000   -2.7000    0.0000 O   0  0
    3.6303   -0.5261    0.0000 C   0  0
    3.7200   -3.8718    0.0000 C   0  0
    1.2576   -4.7003    0.0000 C   0  0
   -1.2990    0.7500    0.0000 C   0  0
    2.7279   -4.9969    0.0000 C   0  0
  1  2  1  0
  1  3  1  0
  1  4  1  0
  1  5  1  0
  2  6  4  0
  2  7  2  0
  3  8  1  0
  3  9  2  0
  4 10  1  0
  4 11  2  0
  5 12  1  0
  6 13  4  0
  7 14  4  0
  8 15  1  0
 10 15  1  0
 13 16  4  0
 14 16  4  0
M  END
> <HOMO>
    -9.523820

> <LUMO>
     0.467725

> <MW>
218.255

> <CAS>
125-33-7

> <SPECIES>
rat

> <ROUTE>
oral

> <ENDPOINT>
LD50

> <DOSE_VALUE>
6.8727073794e-003

> <DOSE_UNITS>
mol/kg

> <ALogP>
0.931

> <num>
4789

> <logLD50>
-2.16287214674032

> <LD50>
1.50000274908294

> <IndTox>
4

> <Toxicity>
medium

$$$$

  SciTegic06091010432D

 16 16  0  0  0  0            999 V2000
    1.2990   -0.7500    0.0000 C   0  0
    1.2990    0.7500    0.0000 C   0  0
    0.0000   -1.5000    0.0000 C   0  0
    2.5973   -1.5031    0.0000 N   0  0
    0.0000    1.5000    0.0000 C   0  0
    2.5972    1.5031    0.0000 O   0  0
   -1.2990   -0.7500    0.0000 C   0  0
    2.5951   -3.0039    0.0000 C   0  0
    3.6375   -0.9049    0.0000 C   0  0
   -1.2990    0.7500    0.0000 C   0  0
    2.5951    3.0039    0.0000 C   0  0
    3.8933   -3.7570    0.0000 C   0  0
    3.8933    3.7570    0.0000 N   0  0
    1.5548    3.6021    0.0000 O   0  0
    4.9313   -4.3591    0.0000 C   0  0
    3.8916    4.9570    0.0000 C   0  0
  1  2  4  0
  1  3  4  0
  1  4  1  0
  2  5  4  0
  2  6  1  0
  3  7  4  0
  4  8  1  0
  4  9  1  0
  5 10  4  0
  7 10  4  0
  6 11  1  0
  8 12  1  0
 11 13  1  0
 11 14  2  0
 12 15  3  0
 13 16  1  0
M  END
> <HOMO>
    -8.152586

> <LUMO>
     0.456764

> <MW>
218.255

> <CAS>
23504-07-6

> <SPECIES>
rat

> <ROUTE>
oral

> <ENDPOINT>
LD50

> <DOSE_VALUE>
2.7490829517e-004

> <DOSE_UNITS>
mol/kg

> <ALogP>
2.947

> <num>
4790

> <logLD50>
-3.56081215541236

> <LD50>
6.0000109963e-002

> <IndTox>
3

> <Toxicity>
medium

$$$$

  SciTegic06091010432D

 16 17  0  0  0  0            999 V2000
    1.2990   -0.7500    0.0000 C   0  0
    1.2990    0.7500    0.0000 C   0  0
    0.0000   -1.5000    0.0000 C   0  0
    2.5973   -1.5031    0.0000 O   0  0
    0.0000    1.5000    0.0000 C   0  0
   -1.2990   -0.7500    0.0000 C   0  0
    2.5951   -3.0039    0.0000 C   0  0
   -1.2990    0.7500    0.0000 C   0  0
    3.8933   -3.7570    0.0000 C   0  0
   -2.6003    1.4977    0.0000 C   0  0
    3.8912   -5.2578    0.0000 N   0  0
   -3.6387    0.8962    0.0000 O   0  0
    5.1017   -6.1219    0.0000 C   0  0
    2.6747   -6.1134    0.0000 C   0  0
    4.6332   -7.5468    0.0000 C   0  0
    3.1332   -7.5416    0.0000 N   0  0
  1  2  4  0
  1  3  4  0
  1  4  1  0
  2  5  4  0
  3  6  4  0
  4  7  1  0
  5  8  4  0
  6  8  4  0
  7  9  1  0
  8 10  1  0
  9 11  1  0
 10 12  1  0
 11 13  4  0
 11 14  1  0
 13 15  4  0
 14 16  4  0
 15 16  4  0
M  END
> <HOMO>
    -9.344635

> <LUMO>
     0.007377

> <MW>
218.255

> <CAS>
100199-60-8

> <SPECIES>
rat

> <ROUTE>
oral

> <ENDPOINT>
LD50

> <DOSE_VALUE>
2.2267571909e-002

> <DOSE_UNITS>
mol/kg

> <ALogP>
0.95

> <num>
4791

> <logLD50>
-1.65232713653371

> <LD50>
4.86000890702871

> <IndTox>
4

> <Toxicity>
medium

$$$$

  SciTegic06091010432D

 14 14  0  0  0  0            999 V2000
    1.2990   -0.7500    0.0000 C   0  0
    1.2990    0.7500    0.0000 C   0  0
    2.5973   -1.5031    0.0000 N   0  0
    0.0000   -1.5000    0.0000 S   0  0
    0.0000    1.5000    0.0000 O   0  0
    2.3238    0.1257    0.0000 C   0  0
    1.2708    1.9497    0.0000 C   0  0
    2.5951   -3.0039    0.0000 O   0  0
   -1.2990   -0.7500    0.0000 C   0  0
   -1.2990    0.7500    0.0000 C   0  0
    3.8933   -3.7570    0.0000 C   0  0
    3.8912   -5.2578    0.0000 N   0  0
    4.9336   -3.1588    0.0000 O   0  0
    4.9292   -5.8600    0.0000 C   0  0
  1  2  1  0
  1  3  2  0
  1  4  1  0
  2  5  1  0
  2  6  1  0
  2  7  1  0
  3  8  1  0
  4  9  1  0
  5 10  1  0
  9 10  1  0
  8 11  1  0
 11 12  1  0
 11 13  2  0
 12 14  1  0
M  END
> <HOMO>
    -9.090341

> <LUMO>
     -0.170979

> <MW>
218.276

> <CAS>
106358-92-3

> <DOSE_VALUE>
2.7488184662e-006

> <ALogP>
0.816

> <Num>
4792

> <logLD50>
-5.56085394030663

> <LD50>
6.0000109953e-004

> <IndTox>
1

> <Toxicity>
high

$$$$

  SciTegic06091010432D

 14 14  0  0  0  0            999 V2000
    1.2990   -0.7500    0.0000 C   0  0
    1.2990    0.7500    0.0000 C   0  0
    2.5973   -1.5031    0.0000 N   0  0
    0.0000   -1.5000    0.0000 S   0  0
    0.0000    1.5000    0.0000 O   0  0
    2.5972    1.5031    0.0000 C   0  0
    2.5951   -3.0039    0.0000 O   0  0
   -1.2990   -0.7500    0.0000 C   0  0
   -1.2990    0.7500    0.0000 C   0  0
    2.5955    2.7031    0.0000 C   0  0
    3.8933   -3.7570    0.0000 C   0  0
    3.8912   -5.2578    0.0000 N   0  0
    4.9336   -3.1588    0.0000 O   0  0
    4.9292   -5.8600    0.0000 C   0  0
  1  2  1  0
  1  3  2  0
  1  4  1  0
  2  5  1  0
  2  6  1  0
  3  7  1  0
  4  8  1  0
  5  9  1  0
  8  9  1  0
  6 10  1  0
  7 11  1  0
 11 12  1  0
 11 13  2  0
 12 14  1  0
M  END
> <HOMO>
    -9.081953

> <LUMO>
     -0.192611

> <MW>
218.276

> <CAS>
106358-91-2

> <SPECIES>
rat

> <ROUTE>
oral

> <ENDPOINT>
LD50

> <DOSE_VALUE>
8.7045918096e-005

> <DOSE_UNITS>
mol/kg

> <ALogP>
1.028

> <num>
4793

> <logLD50>
-4.06025158973744

> <LD50>
1.9000034818e-002

> <IndTox>
2

> <Toxicity>
high

$$$$

  SciTegic06091010432D

 14 14  0  0  0  0            999 V2000
    0.7500   -1.0323    0.0000 C   0  0
    1.2135    0.3943    0.0000 C   0  0
   -0.7500   -1.0323    0.0000 S   0  0
    1.6281   -2.2462    0.0000 N   0  0
    0.0000    1.2760    0.0000 O   0  0
    2.3548    0.7651    0.0000 C   0  0
   -1.2135    0.3943    0.0000 C   0  0
    3.1212   -2.0934    0.0000 O   0  0
   -2.6375    0.8602    0.0000 C   0  0
    4.0008   -3.3094    0.0000 C   0  0
   -2.8853    2.0344    0.0000 C   0  0
    5.4938   -3.1566    0.0000 N   0  0
    3.5101   -4.4045    0.0000 O   0  0
    6.1971   -4.1289    0.0000 C   0  0
  1  2  1  0
  1  3  1  0
  1  4  2  0
  2  5  1  0
  2  6  1  0
  3  7  1  0
  5  7  1  0
  4  8  1  0
  7  9  1  0
  8 10  1  0
  9 11  1  0
 10 12  1  0
 10 13  2  0
 12 14  1  0
M  END
> <HOMO>
    -8.910494

> <LUMO>
     -0.082242

> <MW>
218.276

> <CAS>
106231-34-9

> <SPECIES>
rat

> <ROUTE>
oral

> <ENDPOINT>
LD50

> <DOSE_VALUE>
3.6650912883e-005

> <DOSE_UNITS>
mol/kg

> <ALogP>
1.318

> <num>
4794

> <logLD50>
-4.43591520369833

> <LD50>
8.0000146604e-003

> <IndTox>
2

> <Toxicity>
high

$$$$

  SciTegic06091010432D

 14 14  0  0  0  0            999 V2000
    0.7500   -1.0323    0.0000 C   0  0
    1.2135    0.3943    0.0000 C   0  0
   -0.7500   -1.0323    0.0000 S   0  0
    1.6281   -2.2462    0.0000 N   0  0
    0.0000    1.2760    0.0000 O   0  0
    2.6375    0.8603    0.0000 C   0  0
   -1.2135    0.3943    0.0000 C   0  0
    3.1212   -2.0934    0.0000 O   0  0
    2.8853    2.0344    0.0000 C   0  0
   -2.3548    0.7651    0.0000 C   0  0
    4.0008   -3.3094    0.0000 C   0  0
    5.4938   -3.1566    0.0000 N   0  0
    3.5101   -4.4045    0.0000 O   0  0
    6.1971   -4.1289    0.0000 C   0  0
  1  2  1  0
  1  3  1  0
  1  4  2  0
  2  5  1  0
  2  6  1  0
  3  7  1  0
  5  7  1  0
  4  8  1  0
  6  9  1  0
  7 10  1  0
  8 11  1  0
 11 12  1  0
 11 13  2  0
 12 14  1  0
M  END
> <HOMO>
    -8.866279

> <LUMO>
     -0.050749

> <MW>
218.276

> <CAS>
106231-35-0

> <SPECIES>
rat

> <ROUTE>
oral

> <ENDPOINT>
LD50

> <DOSE_VALUE>
6.8720461655e-005

> <DOSE_UNITS>
mol/kg

> <ALogP>
1.188

> <num>
4795

> <logLD50>
-4.16291393163459

> <LD50>
1.5000027488e-002

> <IndTox>
2

> <Toxicity>
high

$$$$

  SciTegic06091010432D

 14 14  0  0  0  0            999 V2000
    0.7500   -1.0323    0.0000 C   0  0
    1.2135    0.3943    0.0000 C   0  0
   -0.7500   -1.0323    0.0000 S   0  0
    1.6281   -2.2462    0.0000 N   0  0
    0.0000    1.2760    0.0000 O   0  0
    2.6375    0.8603    0.0000 C   0  0
   -1.2135    0.3943    0.0000 C   0  0
    1.0157   -3.6164    0.0000 O   0  0
    2.8853    2.0344    0.0000 C   0  0
    3.5307    0.0589    0.0000 C   0  0
    1.8954   -4.8324    0.0000 C   0  0
    1.2830   -6.2026    0.0000 N   0  0
    3.0890   -4.7091    0.0000 O   0  0
    1.9863   -7.1749    0.0000 C   0  0
  1  2  1  0
  1  3  1  0
  1  4  2  0
  2  5  1  0
  2  6  1  0
  3  7  1  0
  5  7  1  0
  4  8  1  0
  6  9  1  0
  6 10  1  0
  8 11  1  0
 11 12  1  0
 11 13  2  0
 12 14  1  0
M  END
> <HOMO>
    -9.292247

> <LUMO>
     -0.080619

> <MW>
218.276

> <CAS>
54266-83-0

> <SPECIES>
rat

> <ROUTE>
oral

> <ENDPOINT>
LD50

> <DOSE_VALUE>
7.3301825765e-005

> <DOSE_UNITS>
mol/kg

> <ALogP>
1.33

> <num>
4796

> <logLD50>
-4.13488520803435

> <LD50>
1.6000029321e-002

> <IndTox>
2

> <Toxicity>
high

$$$$

  SciTegic06091010432D

 14 14  0  0  0  0            999 V2000
    0.7500   -1.0323    0.0000 C   0  0
    1.2135    0.3943    0.0000 C   0  0
   -0.7500   -1.0323    0.0000 S   0  0
    1.6281   -2.2462    0.0000 N   0  0
    0.0000    1.2760    0.0000 O   0  0
    2.6375    0.8603    0.0000 C   0  0
   -1.2135    0.3943    0.0000 C   0  0
    1.0157   -3.6164    0.0000 O   0  0
    2.9474    2.3287    0.0000 C   0  0
    1.8954   -4.8324    0.0000 C   0  0
    4.0879    2.7019    0.0000 C   0  0
    1.2830   -6.2026    0.0000 N   0  0
    3.0890   -4.7091    0.0000 O   0  0
    1.9863   -7.1749    0.0000 C   0  0
  1  2  1  0
  1  3  1  0
  1  4  2  0
  2  5  1  0
  2  6  1  0
  3  7  1  0
  5  7  1  0
  4  8  1  0
  6  9  1  0
  8 10  1  0
  9 11  1  0
 10 12  1  0
 10 13  2  0
 12 14  1  0
M  END
> <HOMO>
    -9.289327

> <LUMO>
     -0.089315

> <MW>
218.276

> <CAS>
54266-80-7

> <SPECIES>
rat

> <ROUTE>
oral

> <ENDPOINT>
LD50

> <DOSE_VALUE>
3.8025322116e-004

> <DOSE_UNITS>
mol/kg

> <ALogP>
1.467

> <num>
4797

> <logLD50>
-3.4199270983142

> <LD50>
8.3000152101e-002

> <IndTox>
3

> <Toxicity>
medium

$$$$

  SciTegic06091010432D

 12 12  0  0  0  0            999 V2000
    1.2990   -0.7500    0.0000 C   0  0
    2.5973   -1.5031    0.0000 S   0  0
    1.2990    0.7500    0.0000 C   0  0
    0.0000   -1.5000    0.0000 C   0  0
    2.5951   -3.0039    0.0000 P   0  0
    0.0000    1.5000    0.0000 C   0  0
   -1.2990   -0.7500    0.0000 C   0  0
    3.8933   -3.7570    0.0000 O   0  0
    1.5548   -3.6021    0.0000 C   0  0
    1.5568   -2.4023    0.0000 S   0  0
   -1.2990    0.7500    0.0000 C   0  0
    3.8916   -4.9570    0.0000 C   0  0
  1  2  1  0
  1  3  4  0
  1  4  1  0
  2  5  1  0
  3  6  4  0
  4  7  4  0
  5  8  1  0
  5  9  1  0
  5 10  2  0
  6 11  4  0
  7 11  4  0
  8 12  1  0
M  END
> <HOMO>
    -9.485380

> <LUMO>
     -2.023997

> <MW>
218.280

> <CAS>
2984-68-1

> <SPECIES>
rat

> <ROUTE>
oral

> <ENDPOINT>
LD50

> <DOSE_VALUE>
6.8719107898e-004

> <DOSE_UNITS>
mol/kg

> <ALogP>
2.715

> <num>
4798

> <logLD50>
-3.16292248709328

> <LD50>
0.150000068719107

> <IndTox>
3

> <Toxicity>
medium

$$$$

  SciTegic06091010432D

 16 16  0  0  0  0            999 V2000
    1.2990   -0.7500    0.0000 C   0  0
    2.5973   -1.5031    0.0000 C   0  0
    1.2990    0.7500    0.0000 C   0  0
    0.0000   -1.5000    0.0000 C   0  0
    2.5951   -3.0039    0.0000 C   0  0
    0.0000    1.5000    0.0000 C   0  0
   -1.2990   -0.7500    0.0000 C   0  0
    3.8933   -3.7570    0.0000 C   0  0
   -1.2990    0.7500    0.0000 C   0  0
    3.8912   -5.2578    0.0000 O   0  0
    4.9336   -3.1588    0.0000 O   0  0
    5.1894   -6.0109    0.0000 C   0  0
    5.1873   -7.5117    0.0000 C   0  0
    6.4855   -8.2648    0.0000 C   0  0
    6.4838   -9.4648    0.0000 C   0  0
    7.5257   -7.6666    0.0000 C   0  0
  1  2  1  0
  1  3  4  0
  1  4  2  0
  2  5  2  0
  3  6  4  0
  4  7  4  0
  5  8  1  0
  6  9  4  0
  7  9  4  0
  8 10  1  0
  8 11  2  0
 10 12  1  0
 12 13  1  0
 13 14  1  0
 14 15  1  0
 14 16  1  0
M  END
> <HOMO>
    -9.479637

> <LUMO>
     -0.667112

> <MW>
218.294

> <CAS>
7779-65-9

> <SPECIES>
rat

> <ROUTE>
oral

> <ENDPOINT>
LD50

> <DOSE_VALUE>
2.2904868751e-002

> <DOSE_UNITS>
mol/kg

> <ALogP>
3.733

> <num>
4799

> <logLD50>
-1.64007219247501

> <LD50>
4.99999541902622

> <IndTox>
4

> <Toxicity>
medium

$$$$

  SciTegic06091010432D

 16 16  0  0  0  0            999 V2000
    1.2990   -0.7500    0.0000 C   0  0
    2.5973   -1.5031    0.0000 C   0  0
    1.2990    0.7500    0.0000 C   0  0
    0.0000   -1.5000    0.0000 C   0  0
    2.5951   -3.0039    0.0000 C   0  0
    0.0000    1.5000    0.0000 C   0  0
   -1.2990   -0.7500    0.0000 C   0  0
    3.8933   -3.7570    0.0000 O   0  0
    1.5548   -3.6021    0.0000 O   0  0
   -1.2990    0.7500    0.0000 C   0  0
    3.8912   -5.2578    0.0000 C   0  0
    5.1894   -6.0109    0.0000 C   0  0
    5.1873   -7.5117    0.0000 C   0  0
    6.4855   -8.2648    0.0000 C   0  0
    7.7872   -7.5179    0.0000 C   0  0
    8.8252   -8.1200    0.0000 C   0  0
  1  2  1  0
  1  3  4  0
  1  4  1  0
  2  5  1  0
  3  6  4  0
  4  7  4  0
  5  8  1  0
  5  9  2  0
  6 10  4  0
  7 10  4  0
  8 11  1  0
 11 12  1  0
 12 13  1  0
 13 14  2  0
 14 15  1  0
 15 16  1  0
M  END
> <HOMO>
    -9.548608

> <LUMO>
     0.426539

> <MW>
218.294

> <CAS>
42436-07-7

> <SPECIES>
rat

> <ROUTE>
oral

> <ENDPOINT>
LD50

> <DOSE_VALUE>
2.2904868751e-002

> <DOSE_UNITS>
mol/kg

> <ALogP>
3.516

> <num>
4800

> <logLD50>
-1.64007219247501

> <LD50>
4.99999541902622

> <IndTox>
4

> <Toxicity>
medium

$$$$

  SciTegic06091010432D

 16 16  0  0  0  0            999 V2000
    1.2990   -0.7500    0.0000 C   0  0
    2.5973   -1.5031    0.0000 C   0  0
    1.2990    0.7500    0.0000 C   0  0
    0.0000   -1.5000    0.0000 C   0  0
    2.5951   -3.0039    0.0000 C   0  0
    0.0000    1.5000    0.0000 C   0  0
   -1.2990   -0.7500    0.0000 C   0  0
    3.8933   -3.7570    0.0000 C   0  0
   -1.2990    0.7500    0.0000 C   0  0
    3.8912   -5.2578    0.0000 O   0  0
    5.1894   -6.0109    0.0000 C   0  0
    5.1873   -7.5117    0.0000 C   0  0
    6.2297   -5.4127    0.0000 O   0  0
    6.4855   -8.2648    0.0000 C   0  0
    6.4838   -9.4648    0.0000 C   0  0
    7.5257   -7.6666    0.0000 C   0  0
  1  2  1  0
  1  3  4  0
  1  4  2  0
  2  5  2  0
  3  6  4  0
  4  7  4  0
  5  8  1  0
  6  9  4  0
  7  9  4  0
  8 10  1  0
 10 11  1  0
 11 12  1  0
 11 13  2  0
 12 14  1  0
 14 15  1  0
 14 16  1  0
M  END
> <HOMO>
    -9.048387

> <LUMO>
     -0.088462

> <MW>
218.294

> <CAS>
140-27-2

> <SPECIES>
rat

> <ROUTE>
oral

> <ENDPOINT>
LD50

> <DOSE_VALUE>
2.2904868751e-002

> <DOSE_UNITS>
mol/kg

> <ALogP>
3.447

> <num>
4801

> <logLD50>
-1.64007219247501

> <LD50>
4.99999541902622

> <IndTox>
4

> <Toxicity>
medium

$$$$

  SciTegic06091010432D

 16 17  0  0  0  0            999 V2000
    1.2990   -0.7500    0.0000 C   0  0
    2.5987   -1.5004    0.0000 C   0  0
    1.2990    0.7500    0.0000 C   0  0
    0.0000   -1.5000    0.0000 C   0  0
    3.8991   -0.7525    0.0000 C   0  0
    2.5965   -3.0004    0.0000 C   0  0
    0.0000    1.5000    0.0000 C   0  0
   -1.2990   -0.7500    0.0000 C   0  0
    5.1969   -1.5045    0.0000 C   0  0
    3.8943   -3.7525    0.0000 C   0  0
   -1.2990    0.7500    0.0000 C   0  0
    5.1945   -3.0045    0.0000 C   0  0
   -2.5625   -0.0216    0.0000 C   0  0
   -1.2696    1.9496    0.0000 O   0  0
   -3.6017    0.5785    0.0000 C   0  0
   -2.5630   -1.2216    0.0000 O   0  0
  1  2  1  0
  1  3  1  0
  1  4  1  0
  2  5  4  0
  2  6  1  0
  3  7  1  0
  4  8  1  0
  5  9  4  0
  6 10  4  0
  7 11  1  0
  8 11  1  0
  9 12  4  0
 10 12  4  0
 11 13  1  0
 11 14  1  0
 13 15  1  0
 13 16  2  0
M  END
> <HOMO>
    -9.497607

> <LUMO>
     0.470100

> <MW>
218.294

> <CAS>
60583-65-5

> <SPECIES>
rat

> <ROUTE>
oral

> <ENDPOINT>
LD50

> <DOSE_VALUE>
3.6647790001e-002

> <DOSE_UNITS>
mol/kg

> <ALogP>
2.435

> <num>
4802

> <logLD50>
-1.43595220981908

> <LD50>
7.99999267044205

> <IndTox>
5

> <Toxicity>
slight

$$$$

  SciTegic06091010432D

 16 17  0  0  0  0            999 V2000
    2.5990   -1.5003    0.0000 C   0  0
    3.8990   -0.7504    0.0000 C   0  0
    1.2990   -0.7500    0.0000 C   0  0
    2.5957   -3.0011    0.0000 O   0  0
    4.0418    0.7300    0.0000 N   0  0
    5.2484   -1.3759    0.0000 N   0  0
    1.2990    0.7500    0.0000 C   0  0
    0.0000   -1.5000    0.0000 C   0  0
    1.2948   -3.7495    0.0000 C   0  0
    5.5100    1.0370    0.0000 C   0  0
    6.2557   -0.2645    0.0000 C   0  0
    0.0000    1.5000    0.0000 C   0  0
   -1.2990   -0.7500    0.0000 C   0  0
    1.2915   -5.2503    0.0000 C   0  0
   -1.2990    0.7500    0.0000 C   0  0
    0.2514   -5.8487    0.0000 C   0  0
  1  2  1  0
  1  3  1  0
  1  4  1  0
  2  5  1  0
  2  6  2  0
  3  7  4  0
  3  8  2  0
  4  9  1  0
  5 10  1  0
  6 11  1  0
 10 11  1  0
  7 12  4  0
  8 13  4  0
  9 14  1  0
 12 15  4  0
 13 15  4  0
 14 16  1  0
M  END
> <HOMO>
    -8.930752

> <LUMO>
     0.216996

> <MW>
218.298

> <CAS>
33236-21-4

> <SPECIES>
rat

> <ROUTE>
oral

> <ENDPOINT>
LD50

> <DOSE_VALUE>
1.6033114336e-003

> <DOSE_UNITS>
mol/kg

> <ALogP>
1.78

> <num>
4803

> <logLD50>
-2.79498211035433

> <LD50>
0.349999679337711

> <IndTox>
3

> <Toxicity>
medium

$$$$

  SciTegic06091010432D

 16 17  0  0  0  0            999 V2000
    2.5966   -1.5042    0.0000 C   0  0
    1.2990   -0.7500    0.0000 C   0  0
    3.8990   -0.7582    0.0000 C   0  0
    2.5949   -3.0050    0.0000 O   0  0
    1.2990    0.7500    0.0000 C   0  0
    0.0000   -1.5000    0.0000 C   0  0
    3.9042    0.7419    0.0000 N   0  0
    5.1956   -1.5125    0.0000 N   0  0
    3.8934   -3.7577    0.0000 C   0  0
    0.0000    1.5000    0.0000 C   0  0
   -1.2990   -0.7500    0.0000 C   0  0
    5.2058    1.4875    0.0000 C   0  0
    6.4972   -0.7669    0.0000 C   0  0
    3.8920   -4.9577    0.0000 C   0  0
   -1.2990    0.7500    0.0000 C   0  0
    6.5023    0.7331    0.0000 C   0  0
  1  2  1  0
  1  3  1  0
  1  4  1  0
  2  5  4  0
  2  6  1  0
  3  7  1  0
  3  8  2  0
  4  9  1  0
  5 10  4  0
  6 11  4  0
  7 12  1  0
  8 13  1  0
  9 14  1  0
 10 15  4  0
 11 15  4  0
 12 16  1  0
 13 16  1  0
M  END
> <HOMO>
    -8.937450

> <LUMO>
     0.244780

> <MW>
218.298

> <CAS>
33235-81-3

> <SPECIES>
rat

> <ROUTE>
oral

> <ENDPOINT>
LD50

> <DOSE_VALUE>
7.054570308e-003

> <DOSE_UNITS>
mol/kg

> <ALogP>
1.319

> <num>
4804

> <logLD50>
-2.15152943386814

> <LD50>
1.53999858908594

> <IndTox>
4

> <Toxicity>
medium

$$$$

  SciTegic06091010432D

 16 16  0  0  0  0            999 V2000
    1.2990   -0.7500    0.0000 C   0  0
    2.5973   -1.5031    0.0000 C   0  0
    1.2990    0.7500    0.0000 C   0  0
    0.0000   -1.5000    0.0000 C   0  0
    2.5951   -3.0039    0.0000 C   0  0
    3.6375   -0.9049    0.0000 O   0  0
    0.0000    1.5000    0.0000 C   0  0
   -1.2990   -0.7500    0.0000 C   0  0
    3.8933   -3.7570    0.0000 N   0  0
    1.5548   -3.6021    0.0000 C   0  0
   -1.2990    0.7500    0.0000 C   0  0
    3.8912   -5.2578    0.0000 C   0  0
    4.9336   -3.1588    0.0000 C   0  0
    5.1894   -6.0109    0.0000 C   0  0
    5.1873   -7.5117    0.0000 C   0  0
    5.1856   -8.7117    0.0000 N   0  0
  1  2  1  0
  1  3  4  0
  1  4  1  0
  2  5  1  0
  2  6  1  0
  3  7  4  0
  4  8  4  0
  5  9  1  0
  5 10  1  0
  7 11  4  0
  8 11  4  0
  9 12  1  0
  9 13  1  0
 12 14  1  0
 14 15  1  0
 15 16  3  0
M  END
> <HOMO>
    -9.444848

> <LUMO>
     0.447026

> <MW>
218.298

> <CAS>
67055-59-8

> <SPECIES>
rat

> <ROUTE>
oral

> <ENDPOINT>
LD50

> <DOSE_VALUE>
4.3060364217e-003

> <DOSE_UNITS>
mol/kg

> <ALogP>
1.749

> <num>
4805

> <logLD50>
-2.3659223011049

> <LD50>
0.939999138792724

> <IndTox>
4

> <Toxicity>
medium

$$$$

  SciTegic06091010432D

 16 17  0  0  0  0            999 V2000
    2.5990   -1.5003    0.0000 C   0  0
    3.8990   -0.7504    0.0000 C   0  0
    1.2990   -0.7500    0.0000 C   0  0
    2.5957   -3.0011    0.0000 O   0  0
    4.0418    0.7300    0.0000 N   0  0
    5.2484   -1.3759    0.0000 N   0  0
    1.2990    0.7500    0.0000 C   0  0
    0.0000   -1.5000    0.0000 C   0  0
    1.2948   -3.7495    0.0000 C   0  0
    5.5100    1.0370    0.0000 C   0  0
    6.2557   -0.2645    0.0000 C   0  0
    0.0000    1.5000    0.0000 C   0  0
   -1.2990   -0.7500    0.0000 C   0  0
    1.2922   -4.9495    0.0000 C   0  0
    6.0017    2.1316    0.0000 C   0  0
   -1.2990    0.7500    0.0000 C   0  0
  1  2  1  0
  1  3  1  0
  1  4  1  0
  2  5  1  0
  2  6  2  0
  3  7  4  0
  3  8  2  0
  4  9  1  0
  5 10  1  0
  6 11  1  0
 10 11  1  0
  7 12  4  0
  8 13  4  0
  9 14  1  0
 10 15  1  0
 12 16  4  0
 13 16  4  0
M  END
> <HOMO>
    -8.975176

> <LUMO>
     0.194732

> <MW>
218.298

> <CAS>
33236-18-9

> <SPECIES>
rat

> <ROUTE>
oral

> <ENDPOINT>
LD50

> <DOSE_VALUE>
4.5808898104e-003

> <DOSE_UNITS>
mol/kg

> <ALogP>
1.634

> <num>
4806

> <logLD50>
-2.3390501547046

> <LD50>
0.999999083822044

> <IndTox>
4

> <Toxicity>
medium

$$$$

  SciTegic06091010432D

 14 13  0  0  0  0            999 V2000
    3.9000    0.7500    0.0000 C   0  0
    5.2000    0.0000    0.0000 N   0  0
    2.6000    0.0000    0.0000 C   0  0
    3.8969    2.2508    0.0000 C   0  0
    5.2014   -1.5008    0.0000 C   0  0
    1.3000    0.7500    0.0000 S   0  0
    2.8568    2.8494    0.0000 C   0  0
    3.8950    3.4508    0.0000 C   0  0
    4.9351    2.8526    0.0000 C   0  0
    6.5014   -2.2508    0.0000 O   0  0
    4.1625   -2.1015    0.0000 O   0  0
    0.2606    0.1503    0.0000 C   0  0
    6.5028   -3.7516    0.0000 N   0  0
    7.5422   -4.3513    0.0000 C   0  0
  1  2  2  0
  1  3  1  0
  1  4  1  0
  2  5  1  0
  3  6  1  0
  4  7  1  0
  4  8  1  0
  4  9  1  0
  5 10  1  0
  5 11  2  0
  6 12  1  0
 10 13  1  0
 13 14  1  0
M  END
> <HOMO>
    -8.536417

> <LUMO>
     -0.385240

> <MW>
218.319

> <CAS>
39196-18-4

> <SPECIES>
rat

> <ROUTE>
oral

> <ENDPOINT>
LD50

> <DOSE_VALUE>
3.8933818006e-005

> <DOSE_UNITS>
mol/kg

> <ALogP>
1.932

> <num>
4808

> <logLD50>
-4.40967300553942

> <LD50>
8.4999922132e-003

> <IndTox>
2

> <Toxicity>
high

$$$$

  SciTegic06091010432D

 15 16  0  0  0  0            999 V2000
    2.5951   -3.0039    0.0000 C   0  0
    2.5973   -1.5031    0.0000 C   0  0
    1.3786   -3.8595    0.0000 S   0  0
    3.8056   -3.8679    0.0000 C   0  0
    1.2990   -0.7500    0.0000 C   0  0
    1.8372   -5.2877    0.0000 C   0  0
    3.3372   -5.2929    0.0000 N   0  0
    4.9460   -3.4943    0.0000 C   0  0
    1.2990    0.7500    0.0000 C   0  0
    0.0000   -1.5000    0.0000 C   0  0
    1.1285   -6.2561    0.0000 C   0  0
    0.0000    1.5000    0.0000 C   0  0
   -1.2990   -0.7500    0.0000 C   0  0
   -1.2990    0.7500    0.0000 C   0  0
   -2.3383    1.3500    0.0000 N   0  0
  1  2  1  0
  1  3  4  0
  1  4  2  0
  2  5  1  0
  3  6  1  0
  4  7  4  0
  6  7  2  0
  4  8  1  0
  5  9  4  0
  5 10  1  0
  6 11  1  0
  9 12  4  0
 10 13  4  0
 12 14  4  0
 13 14  4  0
 14 15  1  0
M  END
> <HOMO>
    -8.329771

> <LUMO>
     -0.183293

> <MW>
218.323

> <CAS>
146537-89-5

> <SPECIES>
rat

> <ROUTE>
oral

> <ENDPOINT>
LD50

> <DOSE_VALUE>
1.3741133534e-003

> <DOSE_UNITS>
mol/kg

> <ALogP>
1.926

> <num>
4810

> <logLD50>
-2.86197743997831

> <LD50>
0.300000549645344

> <IndTox>
3

> <Toxicity>
medium

$$$$

  SciTegic06091010432D

 18 20  0  0  0  0            999 V2000
    2.5889    0.0182    0.0000 N   0  0
    4.0896    0.0290    0.0000 C   0  0
    1.7138    1.2033    0.0000 C   0  0
    1.7138   -1.2033    0.0000 C   0  0
    4.9397   -1.2009    0.0000 C   0  0
    4.7275    1.3885    0.0000 C   0  0
    0.2917    0.7475    0.0000 C   0  0
    2.0825    2.3453    0.0000 O   0  0
    0.2917   -0.7475    0.0000 C   0  0
    2.0907   -2.3426    0.0000 O   0  0
    6.4347   -1.0783    0.0000 C   0  0
    6.2225    1.5110    0.0000 C   0  0
   -1.0028    1.5132    0.0000 C   0  0
   -1.0028   -1.5132    0.0000 C   0  0
    7.0761    0.2776    0.0000 C   0  0
   -2.3155    0.7475    0.0000 C   0  0
   -2.3155   -0.7475    0.0000 C   0  0
    8.2720    0.3756    0.0000 Cl  0  0
  1  2  1  0
  1  3  1  0
  1  4  1  0
  2  5  4  0
  2  6  2  0
  3  7  1  0
  3  8  2  0
  4  9  1  0
  7  9  2  0
  4 10  2  0
  5 11  4  0
  6 12  4  0
  7 13  1  0
  9 14  1  0
 11 15  4  0
 12 15  4  0
 13 16  1  0
 14 17  1  0
 16 17  1  0
 15 18  1  0
M  END
> <HOMO>
    -9.169110

> <LUMO>
     -1.381694

> <MW>
261.707

> <CAS>
88402-43-1

> <DOSE_VALUE>
9.1705679791e-002

> <ALogP>
3.486

> <Num>
6657

> <logLD50>
-1.03760376546824

> <LD50>
24.0000183411361

> <IndTox>
6

> <Toxicity>
slight

$$$$

  SciTegic06091010432D

 14 13  0  0  0  0            999 V2000
    2.6000    0.0000    0.0000 P   0  0
    3.9000    0.7500    0.0000 C   0  0
    1.3000    0.7500    0.0000 O   0  0
    2.6000   -1.5007    0.0000 O   0  0
    1.5608   -0.6002    0.0000 O   0  0
    5.2000    0.0000    0.0000 O   0  0
    3.9031    2.2508    0.0000 C   0  0
    0.2606    0.1503    0.0000 C   0  0
    1.5611   -2.1014    0.0000 C   0  0
    6.5000    0.7500    0.0000 C   0  0
    4.9431    2.8494    0.0000 Cl  0  0
    2.8649    2.8526    0.0000 Cl  0  0
    6.5000    1.9500    0.0000 C   0  0
    7.5394    0.1503    0.0000 O   0  0
  1  2  1  0
  1  3  1  0
  1  4  1  0
  1  5  2  0
  2  6  1  0
  2  7  2  0
  3  8  1  0
  4  9  1  0
  6 10  1  0
  7 11  1  0
  7 12  1  0
 10 13  1  0
 10 14  2  0
M  END
> <HOMO>
    -10.564566

> <LUMO>
     -1.070118

> <MW>
263.012

> <CAS>
3566-76-5

> <SPECIES>
rat

> <ROUTE>
oral

> <ENDPOINT>
LD50

> <DOSE_VALUE>
1.1406319329e-003

> <DOSE_UNITS>
mol/kg

> <ALogP>
0.769

> <num>
6703

> <logLD50>
-2.94285447415926

> <LD50>
0.299999885936808

> <IndTox>
3

> <Toxicity>
medium

$$$$

  SciTegic06091010432D

 15 14  0  0  0  0            999 V2000
    1.3000    0.7500    0.0000 P   0  0
    0.2606    0.1503    0.0000 O   0  0
    2.6000    0.0000    0.0000 C   0  0
    3.9000    0.7500    0.0000 N   0  0
    5.2000    0.0000    0.0000 C   0  0
    6.5000    0.7500    0.0000 C   0  0
    3.9031    2.2508    0.0000 C   0  0
    5.2039    2.9994    0.0000 P   0  0
    5.2063    4.1994    0.0000 O   0  0
    1.3000    1.9500    0.0000 O   0  0
    0.2609    1.3502    0.0000 O   0  0
    6.5000    1.9500    0.0000 O   0  0
    7.5394    0.1503    0.0000 O   0  0
    6.2421    2.3976    0.0000 O   0  0
    6.2442    3.5974    0.0000 O   0  0
  1 10  1  0
  1 11  1  0
  1  2  2  0
  1  3  1  0
  3  4  1  0
  4  5  1  0
  4  7  1  0
  5  6  1  0
  6 12  1  0
  6 13  2  0
  7  8  1  0
  8 14  1  0
  8 15  1  0
  8  9  2  0
M  END
> <cas>
2439-99-8

> <HOMO>
    -10.677040

> <LUMO>
     0.638139

> <MW>
263.078

> <SPECIES>
rat

> <ROUTE>
oral

> <ENDPOINT>
LD50

> <DOSE_VALUE>
1.491953524e-002

> <DOSE_UNITS>
mol/kg

> <ALogP>
-4.798

> <num>
6705

> <logLD50>
-1.826244705396

> <LD50>
3.92500149195355

> <IndTox>
4

> <Toxicity>
medium

$$$$

  SciTegic06091010432D

 16 16  0  0  0  0            999 V2000
    1.2990   -0.7500    0.0000 C   0  0
    1.2990    0.7500    0.0000 C   0  0
    2.5973   -1.5031    0.0000 O   0  0
    0.0000   -1.5000    0.0000 C   0  0
    0.0000    1.5000    0.0000 C   0  0
    2.3383    1.3500    0.0000 Cl  0  0
    2.5951   -3.0039    0.0000 C   0  0
   -1.2990   -0.7500    0.0000 C   0  0
   -1.2990    0.7500    0.0000 C   0  0
    3.8933   -3.7570    0.0000 C   0  0
   -2.3383    1.3500    0.0000 Cl  0  0
    3.8912   -5.2578    0.0000 O   0  0
    4.9336   -3.1588    0.0000 O   0  0
    5.1894   -6.0109    0.0000 C   0  0
    5.1877   -7.2109    0.0000 C   0  0
    6.2297   -5.4127    0.0000 C   0  0
  1  2  4  0
  1  3  1  0
  1  4  2  0
  2  5  4  0
  2  6  1  0
  3  7  1  0
  4  8  4  0
  5  9  4  0
  8  9  4  0
  7 10  1  0
  9 11  1  0
 10 12  1  0
 10 13  2  0
 12 14  1  0
 14 15  1  0
 14 16  1  0
M  END
> <HOMO>
    -9.477797

> <LUMO>
     -0.329926

> <MW>
263.119

> <CAS>
94-11-1

> <SPECIES>
rat

> <ROUTE>
oral

> <ENDPOINT>
LD50

> <DOSE_VALUE>
2.6603952283e-003

> <DOSE_UNITS>
mol/kg

> <ALogP>
3.575

> <num>
6706

> <logLD50>
-2.57505383978777

> <LD50>
0.700000532079048

> <IndTox>
4

> <Toxicity>
medium

$$$$

  SciTegic06091010432D

 15 16  0  0  0  0            999 V2000
    1.2990   -0.7500    0.0000 C   0  0
    2.5973   -1.5031    0.0000 O   0  0
    1.2990    0.7500    0.0000 C   0  0
    0.0000   -1.5000    0.0000 C   0  0
    2.5951   -3.0039    0.0000 C   0  0
    0.0000    1.5000    0.0000 C   0  0
   -1.2990   -0.7500    0.0000 C   0  0
    3.8915   -3.7585    0.0000 C   0  0
    1.2935   -3.7495    0.0000 C   0  0
   -1.2990    0.7500    0.0000 C   0  0
   -0.0031    3.0008    0.0000 C   0  0
    3.8864   -5.2585    0.0000 C   0  0
    1.2883   -5.2495    0.0000 C   0  0
   -1.0432    3.5993    0.0000 Br  0  0
    2.5847   -6.0040    0.0000 C   0  0
  1  2  1  0
  1  3  4  0
  1  4  2  0
  2  5  1  0
  3  6  4  0
  4  7  4  0
  5  8  4  0
  5  9  1  0
  6 10  4  0
  7 10  4  0
  6 11  1  0
  8 12  4  0
  9 13  4  0
 11 14  1  0
 12 15  4  0
 13 15  4  0
M  END
> <HOMO>
    -9.139523

> <LUMO>
     0.070613

> <MW>
263.133

> <CAS>
51632-16-7

> <SPECIES>
rat

> <ROUTE>
oral

> <ENDPOINT>
LD50

> <DOSE_VALUE>
8.839639589e-003

> <DOSE_UNITS>
mol/kg

> <ALogP>
4.134

> <num>
6708

> <logLD50>
-2.05356544174182

> <LD50>
2.32600088396394

> <IndTox>
4

> <Toxicity>
medium

$$$$

  SciTegic06091010432D

 16 16  0  0  0  0            999 V2000
    2.5951   -3.0039    0.0000 P   0  0
    2.5973   -1.5031    0.0000 O   0  0
    3.8933   -3.7570    0.0000 O   0  0
    1.2941   -3.7520    0.0000 O   0  0
    3.6354   -2.4057    0.0000 S   0  0
    1.2990   -0.7500    0.0000 C   0  0
    3.8916   -4.9570    0.0000 C   0  0
    0.2556   -3.1509    0.0000 C   0  0
    1.2990    0.7500    0.0000 C   0  0
    0.0000   -1.5000    0.0000 C   0  0
    0.0000    1.5000    0.0000 C   0  0
   -1.2990   -0.7500    0.0000 C   0  0
   -1.2990    0.7500    0.0000 C   0  0
   -2.6003    1.4977    0.0000 N   0  3
   -3.6387    0.8962    0.0000 O   0  0
   -2.6024    2.6977    0.0000 O   0  5
  1  2  1  0
  1  3  1  0
  1  4  1  0
  1  5  2  0
  2  6  1  0
  3  7  1  0
  4  8  1  0
  6  9  4  0
  6 10  1  0
  9 11  4  0
 10 12  4  0
 11 13  4  0
 12 13  4  0
 13 14  1  0
 14 15  2  0
 14 16  1  0
M  CHG  2  14   1  16  -1
M  END
> <HOMO>
    -8.797567

> <LUMO>
     -3.103975

> <MW>
263.209

> <CAS>
37359-35-6

> <SPECIES>
rat

> <ROUTE>
oral

> <ENDPOINT>
LD50

> <DOSE_VALUE>
2.2833565722e-005

> <DOSE_UNITS>
mol/kg

> <ALogP>
2.205

> <num>
6709

> <logLD50>
-4.64142626318048

> <LD50>
6.01e-003

> <IndTox>
2

> <Toxicity>
high

$$$$

  SciTegic06091010432D

 16 16  0  0  0  0            999 V2000
    2.5951   -3.0039    0.0000 P   0  0
    2.5973   -1.5031    0.0000 S   0  0
    3.8933   -3.7570    0.0000 O   0  0
    1.2941   -3.7520    0.0000 O   0  0
    3.6354   -2.4057    0.0000 O   0  0
    1.2990   -0.7500    0.0000 C   0  0
    3.8916   -4.9570    0.0000 C   0  0
    0.2556   -3.1509    0.0000 C   0  0
    1.2990    0.7500    0.0000 C   0  0
    0.0000   -1.5000    0.0000 C   0  0
    0.0000    1.5000    0.0000 C   0  0
   -1.2990   -0.7500    0.0000 C   0  0
   -1.2990    0.7500    0.0000 C   0  0
   -2.6003    1.4977    0.0000 N   0  3
   -3.6387    0.8962    0.0000 O   0  0
   -2.6024    2.6977    0.0000 O   0  5
  1  2  1  0
  1  3  1  0
  1  4  1  0
  1  5  2  0
  2  6  1  0
  3  7  1  0
  4  8  1  0
  6  9  4  0
  6 10  2  0
  9 11  4  0
 10 12  4  0
 11 13  4  0
 12 13  4  0
 13 14  1  0
 14 15  2  0
 14 16  1  0
M  CHG  2  14   1  16  -1
M  END
> <HOMO>
    -9.177832

> <LUMO>
     -2.929949

> <MW>
263.209

> <CAS>
3820-53-9

> <SPECIES>
rat

> <ROUTE>
oral

> <ENDPOINT>
LD50

> <DOSE_VALUE>
1.6298834766e-004

> <DOSE_UNITS>
mol/kg

> <ALogP>
1.864

> <num>
6710

> <logLD50>
-3.7878434429985

> <LD50>
4.29e-002

> <IndTox>
2

> <Toxicity>
high

$$$$

  SciTegic06091010432D

 19 20  0  0  0  0            999 V2000
    0.2917    0.7475    0.0000 C   0  0
    1.7138    1.2033    0.0000 C   0  0
    0.2917   -0.7475    0.0000 C   0  0
   -1.0028    1.5132    0.0000 C   0  0
    2.5889    0.0182    0.0000 C   0  0
    2.1812    2.6271    0.0000 C   0  0
    1.7138   -1.2033    0.0000 N   0  0
   -1.0028   -1.5132    0.0000 C   0  0
   -2.3155    0.7475    0.0000 C   0  0
    3.7889    0.0269    0.0000 C   0  0
    3.6500    2.9355    0.0000 C   0  0
   -2.3155   -0.7475    0.0000 C   0  0
   -3.3560    1.3452    0.0000 O   0  0
    4.1182    4.3614    0.0000 O   0  0
    4.4505    2.0415    0.0000 O   0  0
    5.5870    4.6698    0.0000 C   0  0
    6.0553    6.0958    0.0000 C   0  0
    5.2548    6.9898    0.0000 O   0  0
    7.2296    6.3423    0.0000 O   0  0
  1  2  4  0
  1  3  4  0
  1  4  1  0
  2  5  4  0
  2  6  1  0
  3  7  4  0
  5  7  1  0
  3  8  1  0
  4  9  4  0
  5 10  1  0
  6 11  1  0
  8 12  4  0
  9 12  1  0
  9 13  1  0
 11 14  1  0
 11 15  2  0
 14 16  1  0
 16 17  1  0
 17 18  1  0
 17 19  2  0
M  END
> <HOMO>
    -8.227033

> <LUMO>
     0.112220

> <MW>
263.248

> <CAS>
75511-25-0

> <SPECIES>
rat

> <ROUTE>
oral

> <ENDPOINT>
LD50

> <DOSE_VALUE>
1.5194814618e-002

> <DOSE_UNITS>
mol/kg

> <ALogP>
1.398

> <num>
6711

> <logLD50>
-1.81830459410726

> <LD50>
4.00000455844435

> <IndTox>
4

> <Toxicity>
medium

$$$$

  SciTegic06091010432D

 19 20  0  0  0  0            999 V2000
    0.0000    0.7486    0.0000 C   0  0
    0.0000   -0.7486    0.0000 C   0  0
   -1.2964    1.4973    0.0000 N   0  3
    1.2964    1.4973    0.0000 C   0  0
   -1.2964   -1.4973    0.0000 N   0  3
    1.2964   -1.4973    0.0000 C   0  0
   -2.6111    0.7486    0.0000 C   0  0
   -1.2928    2.6973    0.0000 O   0  5
    2.5929    0.7486    0.0000 C   0  0
   -2.6111   -0.7486    0.0000 C   0  0
   -1.2928   -2.6973    0.0000 O   0  5
    2.5929   -0.7486    0.0000 C   0  0
   -3.9122    1.4966    0.0000 C   0  0
   -3.6486   -1.3517    0.0000 C   0  0
   -5.2109    0.7445    0.0000 N   0  0
   -3.9141    2.6966    0.0000 O   0  0
   -6.5121    1.4924    0.0000 C   0  0
   -7.8109    0.7403    0.0000 C   0  0
   -8.8513    1.3383    0.0000 O   0  0
  1  2  4  0
  1  3  4  0
  1  4  1  0
  2  5  4  0
  2  6  1  0
  3  7  4  0
  3  8  1  0
  4  9  4  0
  5 10  4  0
  7 10  1  0
  5 11  1  0
  6 12  4  0
  9 12  4  0
  7 13  1  0
 10 14  1  0
 13 15  1  0
 13 16  2  0
 15 17  1  0
 17 18  1  0
 18 19  1  0
M  CHG  4   3   1   5   1   8  -1  11  -1
M  END
> <HOMO>
    -8.878448

> <LUMO>
     -1.729155

> <MW>
263.252

> <CAS>
23696-28-8

> <SPECIES>
rat

> <ROUTE>
oral

> <ENDPOINT>
LD50

> <DOSE_VALUE>
6.5222750698e-003

> <DOSE_UNITS>
mol/kg

> <ALogP>
-1.015

> <num>
6712

> <logLD50>
-2.18560088924831

> <LD50>
1.71700195668252

> <IndTox>
4

> <Toxicity>
medium

$$$$

  SciTegic06091010432D

 16 16  0  0  0  0            999 V2000
    2.5951   -3.0039    0.0000 P   0  0
    2.5973   -1.5031    0.0000 O   0  0
    3.8933   -3.7570    0.0000 O   0  0
    1.2941   -3.7520    0.0000 O   0  0
    3.6354   -2.4057    0.0000 S   0  0
    1.2990   -0.7500    0.0000 C   0  0
    3.8916   -4.9570    0.0000 C   0  0
    0.2556   -3.1509    0.0000 C   0  0
    1.2990    0.7500    0.0000 C   0  0
    0.0000   -1.5000    0.0000 C   0  0
    0.0000    1.5000    0.0000 C   0  0
   -1.2990   -0.7500    0.0000 C   0  0
   -1.2990    0.7500    0.0000 N   0  0
    0.0000    2.7000    0.0000 C   0  0
   -2.3383   -1.3500    0.0000 O   0  0
   -2.3383    1.3500    0.0000 C   0  0
  1  2  1  0
  1  3  1  0
  1  4  1  0
  1  5  2  0
  2  6  1  0
  3  7  1  0
  4  8  1  0
  6  9  4  0
  6 10  2  0
  9 11  4  0
 10 12  4  0
 11 13  4  0
 12 13  1  0
 11 14  1  0
 12 15  2  0
 13 16  1  0
M  END
> <HOMO>
    -9.683188

> <LUMO>
     -1.105199

> <MW>
263.253

> <CAS>
21409-76-7

> <DOSE_VALUE>
3.0844899538e-006

> <ALogP>
0.394

> <Num>
6713

> <logLD50>
-5.51081663992338

> <LD50>
8.120012338e-004

> <IndTox>
1

> <Toxicity>
high

$$$$

  SciTegic06091010432D

 18 19  0  0  0  0            999 V2000
    2.5988   -1.5004    0.0000 P   0  0
    3.8990   -0.7506    0.0000 N   0  0
    1.2990   -0.7500    0.0000 C   0  0
    2.5964   -3.0012    0.0000 N   0  0
    3.6374   -2.1015    0.0000 O   0  0
    5.2500   -1.3724    0.0000 C   0  0
    4.0375    0.7301    0.0000 C   0  0
    1.2990    0.7500    0.0000 C   0  0
    0.0000   -1.5000    0.0000 C   0  0
    1.2952   -3.7491    0.0000 C   0  0
    3.8952   -3.7533    0.0000 C   0  0
    6.2543   -0.2581    0.0000 C   0  0
    5.5049    1.0413    0.0000 N   0  0
    0.0000    1.5000    0.0000 C   0  0
   -1.2990   -0.7500    0.0000 C   0  0
    0.2568   -3.1478    0.0000 C   0  0
    4.9356   -3.1553    0.0000 C   0  0
   -1.2990    0.7500    0.0000 C   0  0
  1  2  1  0
  1  3  1  0
  1  4  1  0
  1  5  2  0
  2  6  4  0
  2  7  1  0
  3  8  4  0
  3  9  2  0
  4 10  1  0
  4 11  1  0
  6 12  4  0
  7 13  4  0
 12 13  4  0
  8 14  4  0
  9 15  4  0
 10 16  1  0
 11 17  1  0
 14 18  4  0
 15 18  4  0
M  END
> <HOMO>
    -9.472139

> <LUMO>
     -0.515228

> <MW>
263.279

> <CAS>
15493-49-9

> <SPECIES>
rat

> <ROUTE>
oral

> <ENDPOINT>
LD50

> <DOSE_VALUE>
2.8486868693e-003

> <DOSE_UNITS>
mol/kg

> <ALogP>
1.387

> <num>
6714

> <logLD50>
-2.5453552862497

> <LD50>
0.749999430262628

> <IndTox>
4

> <Toxicity>
medium

$$$$

  SciTegic06091010432D

 19 21  0  0  0  0            999 V2000
    1.9742   -0.2216    0.0000 C   0  0
    1.0878   -1.4303    0.0000 O   0  0
    1.0878    0.9468    0.0000 O   0  0
    2.1958   -1.7324    0.0000 C   0  0
    3.1426    0.7051    0.0000 C   0  0
   -0.3022   -0.9669    0.0000 C   0  0
   -0.3022    0.5036    0.0000 C   0  0
    3.5858   -2.2562    0.0000 C   0  0
    4.5325    0.1612    0.0000 C   0  0
   -1.6519   -1.7324    0.0000 C   0  0
   -1.6519    1.2490    0.0000 C   0  0
    4.8146   -1.3295    0.0000 C   0  0
   -1.6740   -3.2328    0.0000 O   0  0
   -2.9613   -0.9669    0.0000 C   0  0
   -2.9613    0.5036    0.0000 C   0  0
   -2.9844   -3.9646    0.0000 C   0  0
   -3.0067   -5.4652    0.0000 N   0  0
   -4.0147   -3.3495    0.0000 O   0  0
   -4.0544   -6.0503    0.0000 C   0  0
  1  2  1  0
  1  3  1  0
  1  4  1  0
  1  5  1  0
  2  6  1  0
  3  7  1  0
  6  7  2  0
  4  8  1  0
  5  9  1  0
  6 10  4  0
  7 11  4  0
  8 12  1  0
  9 12  1  0
 10 13  1  0
 10 14  2  0
 11 15  4  0
 14 15  4  0
 13 16  1  0
 16 17  1  0
 16 18  2  0
 17 19  1  0
M  END
> <HOMO>
    -9.321699

> <LUMO>
     -0.140530

> <MW>
263.291

> <CAS>
22791-18-0

> <SPECIES>
rat

> <ROUTE>
oral

> <ENDPOINT>
LD50

> <DOSE_VALUE>
7.1403802556e-004

> <DOSE_UNITS>
mol/kg

> <ALogP>
2.869

> <num>
6715

> <logLD50>
-3.14627865957875

> <LD50>
0.187999785788591

> <IndTox>
3

> <Toxicity>
medium

$$$$

  SciTegic06091010432D

 12 12  0  0  0  0            999 V2000
    1.2990   -0.7500    0.0000 C   0  0
    1.2990    0.7500    0.0000 C   0  0
    0.0000    1.5000    0.0000 C   0  0
   -1.2990    0.7500    0.0000 C   0  0
   -1.2990   -0.7500    0.0000 C   0  0
    0.0000   -1.5000    0.0000 C   0  0
    2.3383    1.3500    0.0000 O   0  0
   -2.3383   -1.3500    0.0000 O   0  0
   -2.5988    1.5004    0.0000 S   0  0
   -2.5996    2.7004    0.0000 O   0  0
   -3.6378    0.9001    0.0000 O   0  0
   -3.6383    2.0999    0.0000 O   0  0
  1  2  2  0
  2  3  1  0
  3  4  2  0
  4  5  1  0
  5  6  2  0
  1  6  1  0
  2  7  1  0
  5  8  1  0
  4  9  1  0
  9 10  2  0
  9 11  2  0
  9 12  1  0
M  END
> <cas>
2624-44-4

> <HOMO>
    -9.567222

> <LUMO>
     -2.117723

> <MW>
263.312

> <SPECIES>
rat

> <ROUTE>
oral

> <ENDPOINT>
LD50

> <DOSE_VALUE>
2.8483287716e-002

> <DOSE_UNITS>
mol/kg

> <ALogP>
1.16

> <num>
6716

> <logLD50>
-1.54540988320909

> <LD50>
7.49999145501369

> <IndTox>
5

> <Toxicity>
slight

$$$$
